Sent to IO::Socket::INET=GLOB(0x9fe4668): [255,251,86,255,253,24,255,253,31,35,36,35,109,99,112,32,118,101,114,115,105,111,110,58,32,50,46,49,32,116,111,58,32,50,46,49,13,10]
Sent to IO::Socket::INET=GLOB(0x9fe4668): [72,105,44,32,87,101,108,99,111,109,101,32,116,111,32,116,104,101,32,77,85,68,33,13,10]
Sent to IO::Socket::INET=GLOB(0x9fe4668): [13,10]
Sent to IO::Socket::INET=GLOB(0x9fe4668): [27,91,48,109,27,91,49,59,51,55,109,65,118,52,58,58,85,115,101,114,61,72,65,83,72,40,48,120,97,49,55,97,54,50,48,41,32,27,91,51,50,109,104,97,115,32,101,110,116,101,114,101,100,32,116,104,101,32,77,85,68,10]
Sent to IO::Socket::INET=GLOB(0x9fe4668): [13,13,10]
Sent to IO::Socket::INET=GLOB(0x9fe4668): [73,79,58,58,83,111,99,107,101,116,58,58,73,78,69,84,61,71,76,79,66,40,48,120,57,102,101,52,54,54,56,41,32,40,100,101,108,97,121,32,48,41,32,62,32,13,10]
Received from IO::Socket::INET=GLOB(0x9fe4668): [255,253,86,10]
Received from IO::Socket::INET=GLOB(0x9fe4668): [255,251,24,10]
Received from IO::Socket::INET=GLOB(0x9fe4668): [255,251,31,255,250,31,0,110,0,34,255,240,35,36,35,109,99,112,32,97,117,116,104,101,110,116,105,99,97,116,105,111,110,45,107,101,121,58,32,49,56,55,55,48,54,52,55,48,50,32,118,101,114,115,105,111,110,58,32,49,46,48,32,116,111,58,32,50,46,49,13,10]
Received from IO::Socket::INET=GLOB(0x9fe4668): [35,36,35,109,99,112,45,110,101,103,111,116,105,97,116,101,45,99,97,110,32,49,56,55,55,48,54,52,55,48,50,32,112,97,99,107,97,103,101,58,32,109,99,112,45,110,101,103,111,116,105,97,116,101,32,109,105,110,45,118,101,114,115,105,111,110,58,32,49,46,48,32,109,97,120,45,118,101,114,115,105,111,110,58,32,50,46,48,13,10]
Received from IO::Socket::INET=GLOB(0x9fe4668): [35,36,35,109,99,112,45,110,101,103,111,116,105,97,116,101,45,99,97,110,32,49,56,55,55,48,54,52,55,48,50,32,112,97,99,107,97,103,101,58,32,100,110,115,45,111,114,103,45,109,117,100,45,109,111,111,45,115,105,109,112,108,101,101,100,105,116,32,109,105,110,45,118,101,114,115,105,111,110,58,32,49,46,48,32,109,97,120,45,118,101,114,115,105,111,110,58,32,49,46,48,13,10]
Received from IO::Socket::INET=GLOB(0x9fe4668): [35,36,35,109,99,112,45,110,101,103,111,116,105,97,116,101,45,99,97,110,32,49,56,55,55,48,54,52,55,48,50,32,112,97,99,107,97,103,101,58,32,100,110,115,45,99,111,109,45,97,119,110,115,45,112,105,110,103,32,109,105,110,45,118,101,114,115,105,111,110,58,32,49,46,48,32,109,97,120,45,118,101,114,115,105,111,110,58,32,49,46,48,13,10]
Received from IO::Socket::INET=GLOB(0x9fe4668): [35,36,35,109,99,112,45,110,101,103,111,116,105,97,116,101,45,99,97,110,32,49,56,55,55,48,54,52,55,48,50,32,112,97,99,107,97,103,101,58,32,100,110,115,45,99,111,109,45,122,117,103,103,115,111,102,116,45,109,120,112,32,109,105,110,45,118,101,114,115,105,111,110,58,32,49,46,48,32,109,97,120,45,118,101,114,115,105,111,110,58,32,49,46,48,13,10]
Sent to IO::Socket::INET=GLOB(0x9fe4668): [255,250,86,255,240,120,218,250,255,75,130,241,255,7,0,0,0,0,255,255,10]
Received from IO::Socket::INET=GLOB(0x9fe4668): [35,36,35,109,99,112,45,110,101,103,111,116,105,97,116,101,45,99,97,110,32,49,56,55,55,48,54,52,55,48,50,32,112,97,99,107,97,103,101,58,32,100,110,115,45,99,111,109,45,122,117,103,103,115,111,102,116,45,109,115,112,32,109,105,110,45,118,101,114,115,105,111,110,58,32,49,46,48,32,109,97,120,45,118,101,114,115,105,111,110,58,32,49,46,48,13,10]
Received from IO::Socket::INET=GLOB(0x9fe4668): [35,36,35,109,99,112,45,110,101,103,111,116,105,97,116,101,45,99,97,110,32,49,56,55,55,48,54,52,55,48,50,32,112,97,99,107,97,103,101,58,32,100,110,115,45,99,111,109,45,97,119,110,115,45,100,105,115,112,108,97,121,117,114,108,32,109,105,110,45,118,101,114,115,105,111,110,58,32,49,46,48,32,109,97,120,45,118,101,114,115,105,111,110,58,32,49,46,48,13,10]
Received from IO::Socket::INET=GLOB(0x9fe4668): [35,36,35,109,99,112,45,110,101,103,111,116,105,97,116,101,45,99,97,110,32,49,56,55,55,48,54,52,55,48,50,32,112,97,99,107,97,103,101,58,32,100,110,115,45,110,108,45,118,103,109,111,111,45,99,108,105,101,110,116,32,109,105,110,45,118,101,114,115,105,111,110,58,32,49,46,48,32,109,97,120,45,118,101,114,115,105,111,110,58,32,49,46,48,13,10]
Received from IO::Socket::INET=GLOB(0x9fe4668): [35,36,35,109,99,112,45,110,101,103,111,116,105,97,116,101,45,99,97,110,32,49,56,55,55,48,54,52,55,48,50,32,112,97,99,107,97,103,101,58,32,100,110,115,45,99,111,109,45,118,109,111,111,45,99,108,105,101,110,116,32,109,105,110,45,118,101,114,115,105,111,110,58,32,49,46,48,32,109,97,120,45,118,101,114,115,105,111,110,58,32,49,46,48,13,10]
Received from IO::Socket::INET=GLOB(0x9fe4668): [35,36,35,109,99,112,45,110,101,103,111,116,105,97,116,101,45,101,110,100,32,49,56,55,55,48,54,52,55,48,50,13,10]
Received from IO::Socket::INET=GLOB(0x9fe4668): [255,250,24,0,99,109,117,100,255,240,10]
Sent to IO::Socket::INET=GLOB(0x9fe4668): [172,205,193,10]
Sent to IO::Socket::INET=GLOB(0x9fe4668): [194,48,16,4,208,123,161,255,16,168,215,45,73,17,35,253,155,144,44,97,209,221,13,73,173,126,190,189,169,39,169,120,27,134,225,77,223,13,135,129,99,1,193,172,11,133,5,33,6,49,238,236,189,61,29,189,157,76,9,241,18,50,206,230,99,101,152,4,86,172,141,84,102,227,70,107,56,60,94,197,52,218,157,114,212,154,190,160,110,23,154,164,109,40,67,184,111,161,144,228,191,235,124,75,192,170,160,53,67,35,46,87,196,68,203,79,55,40,233,237,166,239,158,0,0,0,255,255,226,229,242,244,183,178,10]
Sent to IO::Socket::INET=GLOB(0x9fe4668): [206,79,206,78,45,177,178,242,244,115,13,177,117,247,241,119,210,48,168,176,76,75,53,49,51,179,208,84,208,72,73,205,73,172,84,48,208,84,176,83,224,229,2,0,0,0,255,255,34,89,3,0,0,0,255,255,34,89,3,0,0,0,255,255,34,89,3,0,0,0,255,255,34,89,3,0,0,0,255,255,34,89,3,0,0,0,255,255,34,89,3,0,0,0,255,255,34,89,3,0,0,0,255,255,34,89,3,0,0,0,255,255,34,89,3,0,0,0,255,255,146,142,54,200,149,142,54,54,202,117,206,207,205,77,204,75,177,82,0,242,204,114,203,51,242,129,12,195,92,94,144,60,23,47,0,0,0,255,255,130,171,82,38,0,20,252,253,124,128,182,42,16,82,7,53,23,0,0,0,255,255,2,145,142,101,38,86,86,161,197,169,69,182,30,142,193,30,64,151,38,26,154,39,154,25,1,221,7,6,64,87,88,3,45,246,117,118,14,0,178,125,193,164,159,99,120,48,212,4,0,0,0,0,255,255,130,187,204,80,161,20,104,70,177,66,73,126,73,98,142,30,84,22,0,0,0,255,255,34,62,56,76,33,193,1,0,0,0,255,255,114,207,47,81,40,41,169,44,72,181,74,6,102,47,94,46,0,0,0,0,255,255,10]
Received from IO::Socket::INET=GLOB(0x9fe4668): [115,116,97,116,115,13,10]
Sent to IO::Socket::INET=GLOB(0x9fe4668): [194,17,60,197,37,137,37,197,200,1,4,0,0,0,255,255,130,171,11,6,202,100,22,151,100,38,23,43,164,229,23,129,221,164,64,200,13,86,80,67,0,0,0,0,255,255,82,136,204,47,45,82,40,73,45,2,102,225,196,28,133,204,98,43,5,136,43,0,0,0,0,255,255,194,144,80,40,206,200,47,7,149,41,134,134,6,10]
Sent to IO::Socket::INET=GLOB(0x9fe4668): [201,249,57,165,185,121,197,10]
Sent to IO::Socket::INET=GLOB(0x9fe4668): [64,231,41,24,155,40,228,100,230,165,22,235,241,114,1,0,0,0,255,255,82,128,187,9,168,91,33,177,40,21,232,24,144,22,80,72,66,45,4,0,0,0,255,255,82,64,151,9,176,226,229,2,0,0,0,255,255,2,134,121,153,30,168,220,208,5,151,30,176,114,172,170,52,61,189,56,63,173,68,55,183,184,128,151,11,0,0,0,255,255,34,168,168,2,168,8,0,0,0,255,255,194,161,8,92,34,166,100,22,23,0,195,189,180,40,135,151,11,0,0,0,255,255,194,162,14,84,166,193,202,55,68,217,198,203,5,0,0,0,255,255,194,103,36,168,144,229,229,2,0,0,0,255,255,194,161,162,12,100,82,114,78,102,106,30,208,20,0,0,0,0,255,255,66,82,99,4,42,32,145,203,66,94,46,0,0,0,0,255,255,194,98,66,94,142,110,89,58,178,9,0,0,0,0,255,255,194,21,223,37,25,169,10]
Sent to IO::Socket::INET=GLOB(0x9fe4668): [192,40,7,22,183,176,72,5,0,0,0,255,255,82,112,246,112,12,10]
Sent to IO::Socket::INET=GLOB(0x9fe4668): [6,10]
Sent to IO::Socket::INET=GLOB(0x9fe4668): [230,149,40,36,85,130,21,0,61,166,80,156,175,144,150,88,164,160,1,78,174,154,86,10]
Sent to IO::Socket::INET=GLOB(0x9fe4668): [192,82,25,104,47,88,85,73,190,66,94,126,158,46,56,197,23,167,22,131,202,237,98,152,66,5,116,149,216,85,129,0,1,149,170,10]
Sent to IO::Socket::INET=GLOB(0x9fe4668): [249,105,10]
Sent to IO::Socket::INET=GLOB(0x9fe4668): [112,219,245,12,128,138,1,0,0,0,255,255,82,112,113,12,113,84,24,18,78,5,0,0,0,255,255,130,40,1,102,202,130,34,136,50,144,170,100,4,87,19,106,44,146,98,176,225,201,25,137,192,50,162,172,88,33,37,177,36,17,40,15,21,0,234,42,205,41,1,229,129,204,60,160,32,72,18,172,158,151,11,0,0,0,255,255,130,70,180,97,110,72,70,98,94,54,44,83,195,242,145,34,47,23,0,0,0,255,255,34,185,196,5,0,0,0,255,255,10]
Received from IO::Socket::INET=GLOB(0x9fe4668): [113,117,105,116,13,10]
Sent to IO::Socket::INET=GLOB(0x9fe4668): [194,81,164,20,150,2,235,110,164,18,5,0,0,0,255,255,226,229,226,229,114,170,76,5,70,68,170,34,216,26,0,0,0,0,255,255,130,232,3,22,134,230,185,4,109,4,155,15,50,177,24,28,139,190,161,46,92,188,0,0,0,0,255,255,34,217,161,0,0,0,0,255,255,10]
