Sent to IO::Socket::INET=GLOB(0x9883c50): [255,251,86,255,253,24,35,36,35,109,99,112,32,118,101,114,115,105,111,110,58,32,50,46,49,32,116,111,58,32,50,46,49,13,10]
Sent to IO::Socket::INET=GLOB(0x9883c50): [72,105,44,32,87,101,108,99,111,109,101,32,116,111,32,116,104,101,32,77,85,68,33,13,10]
Sent to IO::Socket::INET=GLOB(0x9883c50): [13,10]
Sent to IO::Socket::INET=GLOB(0x9883c50): [27,91,48,59,49,59,51,55,59,52,57,109,65,118,52,58,58,85,115,101,114,61,72,65,83,72,40,48,120,57,56,56,51,99,55,48,41,32,27,91,48,59,49,59,51,50,59,52,57,109,104,97,115,32,101,110,116,101,114,101,100,32,116,104,101,32,77,85,68,10]
Sent to IO::Socket::INET=GLOB(0x9883c50): [13,27,91,48,109,13,10]
Sent to IO::Socket::INET=GLOB(0x9883c50): [73,79,58,58,83,111,99,107,101,116,58,58,73,78,69,84,61,71,76,79,66,40,48,120,57,56,56,51,99,53,48,41,32,40,100,101,108,97,121,32,48,41,32,62,32,13,10]
Received from IO::Socket::INET=GLOB(0x9883c50): [255,251,31,255,253,86,255,251,24,10]
Sent to IO::Socket::INET=GLOB(0x9883c50): [255,250,24,1,255,240,27,91,48,59,51,50,59,52,57,109,67,111,109,109,97,110,100,58,32,27,91,48,59,51,54,59,52,57,109,119,104,111,32,27,91,48,59,49,59,51,54,59,52,57,109,13,27,91,48,109,10]
Sent to IO::Socket::INET=GLOB(0x9883c50): [13,27,91,48,59,51,50,59,52,57,109,35,35,35,35,35,35,35,35,35,35,35,35,35,35,35,35,35,35,35,35,35,35,35,35,35,35,35,35,35,35,35,35,32,79,78,76,73,78,69,32,35,35,35,35,35,35,35,35,35,35,35,35,35,35,35,35,35,35,35,35,35,35,35,35,35,35,35,35,35,35,35,35,13,27,91,48,109,10]
Sent to IO::Socket::INET=GLOB(0x9883c50): [13,65,118,52,58,58,85,115,101,114,61,72,65,83,72,40,48,120,57,56,56,51,99,55,48,41,32,32,32,32,32,32,27,91,48,59,49,59,51,50,59,52,57,109,77,67,67,80,32,33,77,67,80,32,13,27,91,48,109,10]
Sent to IO::Socket::INET=GLOB(0x9883c50): [13,27,91,48,59,51,50,59,52,57,109,49,32,117,115,101,114,115,32,116,111,116,97,108,46,13,27,91,48,109,10]
Sent to IO::Socket::INET=GLOB(0x9883c50): [13,10]
Received from IO::Socket::INET=GLOB(0x9883c50): [255,250,24,0,84,73,78,89,70,85,71,85,69,255,240,10]
Sent to IO::Socket::INET=GLOB(0x9883c50): [71,111,116,32,116,116,121,112,101,58,84,73,78,89,70,85,71,85,69,13,10]
