Sent to IO::Socket::INET=GLOB(0xaad2cd0): [255,251,86,255,253,24,35,36,35,109,99,112,32,118,101,114,115,105,111,110,58,32,50,46,49,32,116,111,58,32,50,46,49,13,10]
Sent to IO::Socket::INET=GLOB(0xaad2cd0): [72,105,44,32,87,101,108,99,111,109,101,32,116,111,32,116,104,101,32,77,85,68,33,13,10]
Sent to IO::Socket::INET=GLOB(0xaad2cd0): [13,10]
Sent to IO::Socket::INET=GLOB(0xaad2cd0): [27,91,48,59,49,59,51,55,59,52,57,109,65,118,52,58,58,85,115,101,114,61,72,65,83,72,40,48,120,97,51,99,97,48,56,56,41,32,27,91,48,59,49,59,51,50,59,52,57,109,104,97,115,32,101,110,116,101,114,101,100,32,116,104,101,32,77,85,68,10]
Sent to IO::Socket::INET=GLOB(0xaad2cd0): [13,27,91,48,109,13,10]
Sent to IO::Socket::INET=GLOB(0xaad2cd0): [73,79,58,58,83,111,99,107,101,116,58,58,73,78,69,84,61,71,76,79,66,40,48,120,97,97,100,50,99,100,48,41,32,40,100,101,108,97,121,32,48,41,32,62,32,13,10]
Received from IO::Socket::INET=GLOB(0xaad2cd0): [255,253,86,10]
Received from IO::Socket::INET=GLOB(0xaad2cd0): [255,251,24,10]
Received from IO::Socket::INET=GLOB(0xaad2cd0): [35,36,35,109,99,112,32,97,117,116,104,101,110,116,105,99,97,116,105,111,110,45,107,101,121,58,32,56,56,51,56,49,49,57,48,55,32,118,101,114,115,105,111,110,58,32,49,46,48,32,116,111,58,32,50,46,49,13,10]
Received from IO::Socket::INET=GLOB(0xaad2cd0): [35,36,35,109,99,112,45,110,101,103,111,116,105,97,116,101,45,99,97,110,32,56,56,51,56,49,49,57,48,55,32,112,97,99,107,97,103,101,58,32,109,99,112,45,110,101,103,111,116,105,97,116,101,32,109,105,110,45,118,101,114,115,105,111,110,58,32,49,46,48,32,109,97,120,45,118,101,114,115,105,111,110,58,32,50,46,48,13,10]
Received from IO::Socket::INET=GLOB(0xaad2cd0): [35,36,35,109,99,112,45,110,101,103,111,116,105,97,116,101,45,99,97,110,32,56,56,51,56,49,49,57,48,55,32,112,97,99,107,97,103,101,58,32,100,110,115,45,111,114,103,45,109,117,100,45,109,111,111,45,115,105,109,112,108,101,101,100,105,116,32,109,105,110,45,118,101,114,115,105,111,110,58,32,49,46,48,32,109,97,120,45,118,101,114,115,105,111,110,58,32,49,46,48,13,10]
Received from IO::Socket::INET=GLOB(0xaad2cd0): [35,36,35,109,99,112,45,110,101,103,111,116,105,97,116,101,45,99,97,110,32,56,56,51,56,49,49,57,48,55,32,112,97,99,107,97,103,101,58,32,100,110,115,45,99,111,109,45,97,119,110,115,45,112,105,110,103,32,109,105,110,45,118,101,114,115,105,111,110,58,32,49,46,48,32,109,97,120,45,118,101,114,115,105,111,110,58,32,49,46,48,13,10]
Received from IO::Socket::INET=GLOB(0xaad2cd0): [35,36,35,109,99,112,45,110,101,103,111,116,105,97,116,101,45,99,97,110,32,56,56,51,56,49,49,57,48,55,32,112,97,99,107,97,103,101,58,32,100,110,115,45,99,111,109,45,122,117,103,103,115,111,102,116,45,109,120,112,32,109,105,110,45,118,101,114,115,105,111,110,58,32,49,46,48,32,109,97,120,45,118,101,114,115,105,111,110,58,32,49,46,48,13,10]
Received from IO::Socket::INET=GLOB(0xaad2cd0): [35,36,35,109,99,112,45,110,101,103,111,116,105,97,116,101,45,99,97,110,32,56,56,51,56,49,49,57,48,55,32,112,97,99,107,97,103,101,58,32,100,110,115,45,99,111,109,45,122,117,103,103,115,111,102,116,45,109,115,112,32,109,105,110,45,118,101,114,115,105,111,110,58,32,49,46,48,32,109,97,120,45,118,101,114,115,105,111,110,58,32,49,46,48,13,10]
Received from IO::Socket::INET=GLOB(0xaad2cd0): [35,36,35,109,99,112,45,110,101,103,111,116,105,97,116,101,45,99,97,110,32,56,56,51,56,49,49,57,48,55,32,112,97,99,107,97,103,101,58,32,100,110,115,45,99,111,109,45,97,119,110,115,45,100,105,115,112,108,97,121,117,114,108,32,109,105,110,45,118,101,114,115,105,111,110,58,32,49,46,48,32,109,97,120,45,118,101,114,115,105,111,110,58,32,49,46,48,13,10]
Received from IO::Socket::INET=GLOB(0xaad2cd0): [35,36,35,109,99,112,45,110,101,103,111,116,105,97,116,101,45,99,97,110,32,56,56,51,56,49,49,57,48,55,32,112,97,99,107,97,103,101,58,32,100,110,115,45,110,108,45,118,103,109,111,111,45,99,108,105,101,110,116,32,109,105,110,45,118,101,114,115,105,111,110,58,32,49,46,48,32,109,97,120,45,118,101,114,115,105,111,110,58,32,49,46,48,13,10]
Received from IO::Socket::INET=GLOB(0xaad2cd0): [35,36,35,109,99,112,45,110,101,103,111,116,105,97,116,101,45,99,97,110,32,56,56,51,56,49,49,57,48,55,32,112,97,99,107,97,103,101,58,32,100,110,115,45,99,111,109,45,118,109,111,111,45,99,108,105,101,110,116,32,109,105,110,45,118,101,114,115,105,111,110,58,32,49,46,48,32,109,97,120,45,118,101,114,115,105,111,110,58,32,49,46,48,13,10]
Received from IO::Socket::INET=GLOB(0xaad2cd0): [35,36,35,109,99,112,45,110,101,103,111,116,105,97,116,101,45,101,110,100,32,56,56,51,56,49,49,57,48,55,13,10]
Sent to IO::Socket::INET=GLOB(0xaad2cd0): [255,250,24,1,255,240,13,10]
Sent to IO::Socket::INET=GLOB(0xaad2cd0): [35,36,35,109,99,112,45,110,101,103,111,116,105,97,116,101,45,99,97,110,32,56,56,51,56,49,49,57,48,55,32,112,97,99,107,97,103,101,58,32,109,99,112,45,110,101,103,111,116,105,97,116,101,32,109,105,110,45,118,101,114,115,105,111,110,58,32,49,46,48,32,109,97,120,45,118,101,114,115,105,111,110,58,32,50,46,48,13,10]
Sent to IO::Socket::INET=GLOB(0xaad2cd0): [35,36,35,109,99,112,45,110,101,103,111,116,105,97,116,101,45,99,97,110,32,56,56,51,56,49,49,57,48,55,32,112,97,99,107,97,103,101,58,32,109,99,112,45,99,111,114,100,32,109,105,110,45,118,101,114,115,105,111,110,58,32,49,46,48,32,109,97,120,45,118,101,114,115,105,111,110,58,32,49,46,48,13,10]
Sent to IO::Socket::INET=GLOB(0xaad2cd0): [35,36,35,109,99,112,45,110,101,103,111,116,105,97,116,101,45,99,97,110,32,56,56,51,56,49,49,57,48,55,32,112,97,99,107,97,103,101,58,32,100,110,115,45,99,111,109,45,97,119,110,115,45,112,105,110,103,32,109,105,110,45,118,101,114,115,105,111,110,58,32,49,46,48,32,109,97,120,45,118,101,114,115,105,111,110,58,32,49,46,48,13,10]
Sent to IO::Socket::INET=GLOB(0xaad2cd0): [35,36,35,109,99,112,45,110,101,103,111,116,105,97,116,101,45,99,97,110,32,56,56,51,56,49,49,57,48,55,32,112,97,99,107,97,103,101,58,32,100,110,115,45,109,117,100,45,109,111,111,45,111,114,103,45,115,105,109,112,108,101,101,100,105,116,32,109,105,110,45,118,101,114,115,105,111,110,58,32,49,46,48,32,109,97,120,45,118,101,114,115,105,111,110,58,32,49,46,48,13,10]
Sent to IO::Socket::INET=GLOB(0xaad2cd0): [35,36,35,109,99,112,45,110,101,103,111,116,105,97,116,101,45,101,110,100,32,56,56,51,56,49,49,57,48,55,13,10]
Sent to IO::Socket::INET=GLOB(0xaad2cd0): [27,91,48,59,51,50,59,52,57,109,67,111,109,109,97,110,100,58,32,27,91,48,59,51,54,59,52,57,109,119,104,111,32,27,91,48,59,49,59,51,54,59,52,57,109,13,27,91,48,109,10]
Sent to IO::Socket::INET=GLOB(0xaad2cd0): [13,27,91,48,59,51,50,59,52,57,109,35,35,35,35,35,35,35,35,35,35,35,35,35,35,35,35,35,35,35,35,35,35,35,35,35,35,35,35,35,35,35,35,32,79,78,76,73,78,69,32,35,35,35,35,35,35,35,35,35,35,35,35,35,35,35,35,35,35,35,35,35,35,35,35,35,35,35,35,35,35,35,35,13,27,91,48,109,10]
Sent to IO::Socket::INET=GLOB(0xaad2cd0): [13,65,118,52,58,58,85,115,101,114,61,72,65,83,72,40,48,120,97,51,99,97,48,56,56,41,32,32,32,32,32,32,27,91,48,59,49,59,51,50,59,52,57,109,77,67,67,80,32,27,91,48,59,49,59,51,50,59,52,57,109,77,67,80,13,27,91,48,109,10]
Sent to IO::Socket::INET=GLOB(0xaad2cd0): [13,27,91,48,59,51,50,59,52,57,109,49,32,117,115,101,114,115,32,116,111,116,97,108,46,13,27,91,48,109,10]
Sent to IO::Socket::INET=GLOB(0xaad2cd0): [13,10]
Received from IO::Socket::INET=GLOB(0xaad2cd0): [255,250,24,0,122,109,117,100,255,240,10]
Sent to IO::Socket::INET=GLOB(0xaad2cd0): [71,111,116,32,116,116,121,112,101,58,122,109,117,100,13,10]
