Sent to IO::Socket::INET=GLOB(0x9a58be0): [255,251,86,255,253,24,255,253,31,255,251,90,255,251,91,35,36,35,109,99,112,32,118,101,114,115,105,111,110,58,32,50,46,49,32,116,111,58,32,50,46,49,13,10]
Sent to IO::Socket::INET=GLOB(0x9a58be0): [72,105,44,32,87,101,108,99,111,109,101,32,116,111,32,116,104,101,32,77,85,68,33,13,10]
Sent to IO::Socket::INET=GLOB(0x9a58be0): [13,10]
Sent to IO::Socket::INET=GLOB(0x9a58be0): [27,91,48,109,27,91,49,59,51,55,109,65,118,52,58,58,85,115,101,114,61,72,65,83,72,40,48,120,57,102,57,48,101,56,56,41,32,27,91,51,50,109,104,97,115,32,101,110,116,101,114,101,100,32,116,104,101,32,77,85,68,10]
Sent to IO::Socket::INET=GLOB(0x9a58be0): [13,13,10]
Sent to IO::Socket::INET=GLOB(0x9a58be0): [73,79,58,58,83,111,99,107,101,116,58,58,73,78,69,84,61,71,76,79,66,40,48,120,57,97,53,56,98,101,48,41,32,40,100,101,108,97,121,32,48,41,32,62,32,13,10]
Received from IO::Socket::INET=GLOB(0x9a58be0): [255,253,86,10]
Received from IO::Socket::INET=GLOB(0x9a58be0): [255,251,24,10]
Sent to IO::Socket::INET=GLOB(0x9a58be0): [255,250,86,255,240,120,218,250,255,75,130,241,255,7,0,0,0,0,255,255,10]
Received from IO::Socket::INET=GLOB(0x9a58be0): [255,251,31,255,250,31,0,95,0,26,255,240,255,253,90,255,253,91,35,36,35,109,99,112,32,97,117,116,104,101,110,116,105,99,97,116,105,111,110,45,107,101,121,58,32,49,48,54,48,54,57,48,56,54,51,32,118,101,114,115,105,111,110,58,32,49,46,48,32,116,111,58,32,50,46,49,13,10]
Received from IO::Socket::INET=GLOB(0x9a58be0): [35,36,35,109,99,112,45,110,101,103,111,116,105,97,116,101,45,99,97,110,32,49,48,54,48,54,57,48,56,54,51,32,112,97,99,107,97,103,101,58,32,109,99,112,45,110,101,103,111,116,105,97,116,101,32,109,105,110,45,118,101,114,115,105,111,110,58,32,49,46,48,32,109,97,120,45,118,101,114,115,105,111,110,58,32,50,46,48,13,10]
Received from IO::Socket::INET=GLOB(0x9a58be0): [35,36,35,109,99,112,45,110,101,103,111,116,105,97,116,101,45,99,97,110,32,49,48,54,48,54,57,48,56,54,51,32,112,97,99,107,97,103,101,58,32,100,110,115,45,111,114,103,45,109,117,100,45,109,111,111,45,115,105,109,112,108,101,101,100,105,116,32,109,105,110,45,118,101,114,115,105,111,110,58,32,49,46,48,32,109,97,120,45,118,101,114,115,105,111,110,58,32,49,46,48,13,10]
Received from IO::Socket::INET=GLOB(0x9a58be0): [35,36,35,109,99,112,45,110,101,103,111,116,105,97,116,101,45,99,97,110,32,49,48,54,48,54,57,48,56,54,51,32,112,97,99,107,97,103,101,58,32,100,110,115,45,99,111,109,45,97,119,110,115,45,112,105,110,103,32,109,105,110,45,118,101,114,115,105,111,110,58,32,49,46,48,32,109,97,120,45,118,101,114,115,105,111,110,58,32,49,46,48,13,10]
Received from IO::Socket::INET=GLOB(0x9a58be0): [35,36,35,109,99,112,45,110,101,103,111,116,105,97,116,101,45,99,97,110,32,49,48,54,48,54,57,48,56,54,51,32,112,97,99,107,97,103,101,58,32,100,110,115,45,99,111,109,45,122,117,103,103,115,111,102,116,45,109,120,112,32,109,105,110,45,118,101,114,115,105,111,110,58,32,49,46,48,32,109,97,120,45,118,101,114,115,105,111,110,58,32,49,46,48,13,10]
Received from IO::Socket::INET=GLOB(0x9a58be0): [35,36,35,109,99,112,45,110,101,103,111,116,105,97,116,101,45,99,97,110,32,49,48,54,48,54,57,48,56,54,51,32,112,97,99,107,97,103,101,58,32,100,110,115,45,99,111,109,45,122,117,103,103,115,111,102,116,45,109,115,112,32,109,105,110,45,118,101,114,115,105,111,110,58,32,49,46,48,32,109,97,120,45,118,101,114,115,105,111,110,58,32,49,46,48,13,10]
Received from IO::Socket::INET=GLOB(0x9a58be0): [35,36,35,109,99,112,45,110,101,103,111,116,105,97,116,101,45,99,97,110,32,49,48,54,48,54,57,48,56,54,51,32,112,97,99,107,97,103,101,58,32,100,110,115,45,99,111,109,45,97,119,110,115,45,100,105,115,112,108,97,121,117,114,108,32,109,105,110,45,118,101,114,115,105,111,110,58,32,49,46,48,32,109,97,120,45,118,101,114,115,105,111,110,58,32,49,46,48,13,10]
Received from IO::Socket::INET=GLOB(0x9a58be0): [35,36,35,109,99,112,45,110,101,103,111,116,105,97,116,101,45,99,97,110,32,49,48,54,48,54,57,48,56,54,51,32,112,97,99,107,97,103,101,58,32,100,110,115,45,110,108,45,118,103,109,111,111,45,99,108,105,101,110,116,32,109,105,110,45,118,101,114,115,105,111,110,58,32,49,46,48,32,109,97,120,45,118,101,114,115,105,111,110,58,32,49,46,48,13,10]
Received from IO::Socket::INET=GLOB(0x9a58be0): [35,36,35,109,99,112,45,110,101,103,111,116,105,97,116,101,45,99,97,110,32,49,48,54,48,54,57,48,56,54,51,32,112,97,99,107,97,103,101,58,32,100,110,115,45,99,111,109,45,118,109,111,111,45,99,108,105,101,110,116,32,109,105,110,45,118,101,114,115,105,111,110,58,32,49,46,48,32,109,97,120,45,118,101,114,115,105,111,110,58,32,49,46,48,13,10]
Received from IO::Socket::INET=GLOB(0x9a58be0): [35,36,35,109,99,112,45,110,101,103,111,116,105,97,116,101,45,101,110,100,32,49,48,54,48,54,57,48,56,54,51,13,10]
Received from IO::Socket::INET=GLOB(0x9a58be0): [255,250,24,0,99,109,117,100,255,240,10]
Sent to IO::Socket::INET=GLOB(0x9a58be0): [172,205,205,10]
Sent to IO::Socket::INET=GLOB(0x9a58be0): [194,48,16,4,224,123,161,239,16,168,215,45,137,66,208,190,77,72,150,176,232,238,134,36,254,60,190,189,169,39,169,120,27,134,225,155,113,152,118,19,199,2,130,89,59,133,142,16,131,24,103,189,245,39,123,244,7,83,66,60,135,140,139,249,88,25,38,129,27,214,70,42,139,113,179,53,28,30,175,98,63,219,141,114,212,154,190,160,110,19,154,164,173,40,67,184,175,161,144,228,191,235,124,77,192,170,160,53,67,35,46,23,196,68,253,167,27,148,244,118,51,14,79,0,0,0,255,255,226,229,242,244,183,178,10]
Sent to IO::Socket::INET=GLOB(0x9a58be0): [206,79,206,78,45,177,178,242,244,115,13,177,117,247,241,119,210,48,168,176,76,52,181,72,74,53,208,84,208,72,73,205,73,172,84,0,178,236,20,120,185,0,0,0,0,255,255,34,89,3,0,0,0,255,255,34,89,3,0,0,0,255,255,34,89,3,0,0,0,255,255,34,89,3,0,0,0,255,255,34,89,3,0,0,0,255,255,34,89,3,0,0,0,255,255,34,89,3,0,0,0,255,255,34,89,3,0,0,0,255,255,34,89,3,0,0,0,255,255,146,142,54,200,149,142,54,54,202,117,206,207,205,77,204,75,177,82,0,242,204,114,203,51,242,129,12,195,92,94,144,60,23,47,0,0,0,255,255,130,171,82,38,0,20,252,253,124,128,182,42,16,82,7,53,23,0,0,0,255,255,2,145,142,101,38,86,86,161,197,169,69,182,30,142,193,30,32,151,166,89,26,164,90,88,104,42,128,1,208,21,214,64,139,125,157,157,3,128,108,95,48,233,231,24,30,12,53,1,0,0,0,255,255,130,187,204,80,161,20,104,70,177,66,73,126,73,98,142,30,84,22,0,0,0,255,255,34,62,56,76,33,193,1,0,0,0,255,255,114,207,47,81,40,41,169,44,72,181,74,6,102,47,94,46,0,0,0,0,255,255,10]
Received from IO::Socket::INET=GLOB(0x9a58be0): [119,111,114,107,115,32,111,107,97,121,13,10]
Sent to IO::Socket::INET=GLOB(0x9a58be0): [130,89,2,116,131,97,110,104,94,118,94,126,121,158,66,50,36,168,128,14,49,50,178,6,6,150,58,88,222,60,183,60,191,40,187,24,234,32,160,40,201,110,128,70,9,0,0,0,255,255,10]
Sent to IO::Socket::INET=GLOB(0x9a58be0): [130,152,0,54,145,160,78,176,215,11,75,51,75,128,30,207,72,85,240,13,117,81,72,41,77,5,6,130,66,106,81,81,126,81,49,23,47,0,0,0,255,255,34,217,122,0,0,0,0,255,255,10]
Sent to IO::Socket::INET=GLOB(0xa256cd0): [255,251,86,255,253,24,255,253,31,255,251,90,255,251,91,35,36,35,109,99,112,32,118,101,114,115,105,111,110,58,32,50,46,49,32,116,111,58,32,50,46,49,13,10]
Sent to IO::Socket::INET=GLOB(0xa256cd0): [72,105,44,32,87,101,108,99,111,109,101,32,116,111,32,116,104,101,32,77,85,68,33,13,10]
Sent to IO::Socket::INET=GLOB(0xa256cd0): [13,10]
Sent to IO::Socket::INET=GLOB(0xa256cd0): [27,91,48,109,27,91,49,59,51,55,109,65,118,52,58,58,85,115,101,114,61,72,65,83,72,40,48,120,97,48,52,102,54,102,48,41,32,27,91,51,50,109,104,97,115,32,101,110,116,101,114,101,100,32,116,104,101,32,77,85,68,10]
Sent to IO::Socket::INET=GLOB(0xa256cd0): [13,13,10]
Sent to IO::Socket::INET=GLOB(0xa256cd0): [73,79,58,58,83,111,99,107,101,116,58,58,73,78,69,84,61,71,76,79,66,40,48,120,97,50,53,54,99,100,48,41,32,40,100,101,108,97,121,32,48,41,32,62,32,13,10]
Received from IO::Socket::INET=GLOB(0xa256cd0): [255,253,86,10]
Received from IO::Socket::INET=GLOB(0xa256cd0): [255,251,24,10]
Sent to IO::Socket::INET=GLOB(0xa256cd0): [255,250,86,255,240,120,218,250,255,75,130,241,255,7,0,0,0,0,255,255,10]
Received from IO::Socket::INET=GLOB(0xa256cd0): [255,251,31,255,250,31,0,95,0,26,255,240,255,253,90,255,253,91,35,36,35,109,99,112,32,97,117,116,104,101,110,116,105,99,97,116,105,111,110,45,107,101,121,58,32,49,56,54,48,54,53,50,49,52,53,32,118,101,114,115,105,111,110,58,32,49,46,48,32,116,111,58,32,50,46,49,13,10]
Received from IO::Socket::INET=GLOB(0xa256cd0): [35,36,35,109,99,112,45,110,101,103,111,116,105,97,116,101,45,99,97,110,32,49,56,54,48,54,53,50,49,52,53,32,112,97,99,107,97,103,101,58,32,109,99,112,45,110,101,103,111,116,105,97,116,101,32,109,105,110,45,118,101,114,115,105,111,110,58,32,49,46,48,32,109,97,120,45,118,101,114,115,105,111,110,58,32,50,46,48,13,10]
Received from IO::Socket::INET=GLOB(0xa256cd0): [35,36,35,109,99,112,45,110,101,103,111,116,105,97,116,101,45,99,97,110,32,49,56,54,48,54,53,50,49,52,53,32,112,97,99,107,97,103,101,58,32,100,110,115,45,111,114,103,45,109,117,100,45,109,111,111,45,115,105,109,112,108,101,101,100,105,116,32,109,105,110,45,118,101,114,115,105,111,110,58,32,49,46,48,32,109,97,120,45,118,101,114,115,105,111,110,58,32,49,46,48,13,10]
Received from IO::Socket::INET=GLOB(0xa256cd0): [35,36,35,109,99,112,45,110,101,103,111,116,105,97,116,101,45,99,97,110,32,49,56,54,48,54,53,50,49,52,53,32,112,97,99,107,97,103,101,58,32,100,110,115,45,99,111,109,45,97,119,110,115,45,112,105,110,103,32,109,105,110,45,118,101,114,115,105,111,110,58,32,49,46,48,32,109,97,120,45,118,101,114,115,105,111,110,58,32,49,46,48,13,10]
Received from IO::Socket::INET=GLOB(0xa256cd0): [35,36,35,109,99,112,45,110,101,103,111,116,105,97,116,101,45,99,97,110,32,49,56,54,48,54,53,50,49,52,53,32,112,97,99,107,97,103,101,58,32,100,110,115,45,99,111,109,45,122,117,103,103,115,111,102,116,45,109,120,112,32,109,105,110,45,118,101,114,115,105,111,110,58,32,49,46,48,32,109,97,120,45,118,101,114,115,105,111,110,58,32,49,46,48,13,10]
Received from IO::Socket::INET=GLOB(0xa256cd0): [35,36,35,109,99,112,45,110,101,103,111,116,105,97,116,101,45,99,97,110,32,49,56,54,48,54,53,50,49,52,53,32,112,97,99,107,97,103,101,58,32,100,110,115,45,99,111,109,45,122,117,103,103,115,111,102,116,45,109,115,112,32,109,105,110,45,118,101,114,115,105,111,110,58,32,49,46,48,32,109,97,120,45,118,101,114,115,105,111,110,58,32,49,46,48,13,10]
Received from IO::Socket::INET=GLOB(0xa256cd0): [35,36,35,109,99,112,45,110,101,103,111,116,105,97,116,101,45,99,97,110,32,49,56,54,48,54,53,50,49,52,53,32,112,97,99,107,97,103,101,58,32,100,110,115,45,99,111,109,45,97,119,110,115,45,100,105,115,112,108,97,121,117,114,108,32,109,105,110,45,118,101,114,115,105,111,110,58,32,49,46,48,32,109,97,120,45,118,101,114,115,105,111,110,58,32,49,46,48,13,10]
Received from IO::Socket::INET=GLOB(0xa256cd0): [35,36,35,109,99,112,45,110,101,103,111,116,105,97,116,101,45,99,97,110,32,49,56,54,48,54,53,50,49,52,53,32,112,97,99,107,97,103,101,58,32,100,110,115,45,110,108,45,118,103,109,111,111,45,99,108,105,101,110,116,32,109,105,110,45,118,101,114,115,105,111,110,58,32,49,46,48,32,109,97,120,45,118,101,114,115,105,111,110,58,32,49,46,48,13,10]
Received from IO::Socket::INET=GLOB(0xa256cd0): [35,36,35,109,99,112,45,110,101,103,111,116,105,97,116,101,45,99,97,110,32,49,56,54,48,54,53,50,49,52,53,32,112,97,99,107,97,103,101,58,32,100,110,115,45,99,111,109,45,118,109,111,111,45,99,108,105,101,110,116,32,109,105,110,45,118,101,114,115,105,111,110,58,32,49,46,48,32,109,97,120,45,118,101,114,115,105,111,110,58,32,49,46,48,13,10]
Received from IO::Socket::INET=GLOB(0xa256cd0): [35,36,35,109,99,112,45,110,101,103,111,116,105,97,116,101,45,101,110,100,32,49,56,54,48,54,53,50,49,52,53,13,10]
Received from IO::Socket::INET=GLOB(0xa256cd0): [255,250,24,0,99,109,117,100,255,240,10]
Sent to IO::Socket::INET=GLOB(0xa256cd0): [172,205,205,10]
Sent to IO::Socket::INET=GLOB(0xa256cd0): [194,48,16,4,224,123,161,239,176,80,175,91,146,98,139,244,109,150,100,9,65,119,19,146,248,243,248,246,166,158,164,226,109,24,134,111,250,110,56,12,226,50,42,135,212,34,53,70,71,10]
Sent to IO::Socket::INET=GLOB(0xa256cd0): [246,180,152,101,158,236,113,134,76,238,76,129,87,248,88,129,68,197,27,151,26,147,174,96,71,3,66,143,87,49,141,102,167,236,82,241,95,80,187,11,245,90,55,84,144,238,91,200,81,195,223,117,185,122,148,148,48,149,128,53,74,190,48,251,216,126,186,97,245,111,55,125,247,4,0,0,255,255,226,229,242,244,183,178,10]
Sent to IO::Socket::INET=GLOB(0xa256cd0): [206,79,206,78,45,177,178,242,244,115,13,177,117,247,241,119,210,48,168,72,52,50,53,75,78,49,208,84,208,72,73,205,73,172,84,0,178,236,20,120,185,0,0,0,0,255,255,34,89,3,0,0,0,255,255,34,89,3,0,0,0,255,255,34,89,3,0,0,0,255,255,34,89,3,0,0,0,255,255,34,89,3,0,0,0,255,255,34,89,3,0,0,0,255,255,34,89,3,0,0,0,255,255,34,89,3,0,0,0,255,255,34,89,3,0,0,0,255,255,146,142,54,200,149,142,54,54,202,117,206,207,205,77,204,75,177,82,0,242,204,114,203,51,242,129,12,195,92,94,144,60,23,47,0,0,0,255,255,130,171,82,38,0,20,252,253,124,128,182,42,16,82,7,53,23,0,0,0,255,255,2,145,142,101,38,86,86,161,197,169,69,182,30,142,193,30,32,151,26,152,164,153,165,1,221,7,6,64,87,88,3,45,246,117,118,14,0,178,125,193,164,159,99,120,48,212,4,0,0,0,0,255,255,130,187,204,80,161,20,104,70,177,66,73,126,73,98,142,30,84,22,0,0,0,255,255,34,62,56,76,33,193,1,0,0,0,255,255,114,207,47,81,40,41,169,44,72,181,74,6,102,47,94,46,0,0,0,0,255,255,10]
Received from IO::Socket::INET=GLOB(0xa256cd0): [119,111,114,107,115,32,111,107,63,13,10]
Sent to IO::Socket::INET=GLOB(0xa256cd0): [130,89,2,116,131,97,110,104,94,118,94,126,121,158,66,50,36,168,128,14,49,50,178,6,6,150,58,88,222,60,183,60,191,40,187,24,234,32,160,40,201,110,128,70,9,0,0,0,255,255,10]
Received from IO::Socket::INET=GLOB(0xa256cd0): [115,99,111,114,101,13,10]
Sent to IO::Socket::INET=GLOB(0xa256cd0): [34,201,206,98,96,193,149,74,185,157,0,0,0,0,255,255,10]
Received from IO::Socket::INET=GLOB(0xa256cd0): [113,117,105,116,13,10]
Sent to IO::Socket::INET=GLOB(0xa256cd0): [194,145,12,10]
Sent to IO::Socket::INET=GLOB(0xa256cd0): [75,129,5,10]
Sent to IO::Socket::INET=GLOB(0xa256cd0): [82,58,0,0,0,0,255,255,226,229,226,229,114,170,76,85,72,170,76,85,84,4,113,0,0,0,0,255,255,130,232,3,187,132,160,141,96,243,65,38,2,35,41,35,85,193,55,212,133,139,23,0,0,0,255,255,34,217,161,0,0,0,0,255,255,10]
Sent to IO::Socket::INET=GLOB(0xa24f228): [255,251,86,255,253,24,255,253,31,255,251,90,255,251,91,35,36,35,109,99,112,32,118,101,114,115,105,111,110,58,32,50,46,49,32,116,111,58,32,50,46,49,13,10]
Sent to IO::Socket::INET=GLOB(0xa24f228): [72,105,44,32,87,101,108,99,111,109,101,32,116,111,32,116,104,101,32,77,85,68,33,13,10]
Sent to IO::Socket::INET=GLOB(0xa24f228): [13,10]
Sent to IO::Socket::INET=GLOB(0xa24f228): [27,91,48,109,27,91,49,59,51,55,109,65,118,52,58,58,85,115,101,114,61,72,65,83,72,40,48,120,97,50,54,57,53,56,48,41,32,27,91,51,50,109,104,97,115,32,101,110,116,101,114,101,100,32,116,104,101,32,77,85,68,10]
Sent to IO::Socket::INET=GLOB(0xa24f228): [13,13,10]
Sent to IO::Socket::INET=GLOB(0xa24f228): [73,79,58,58,83,111,99,107,101,116,58,58,73,78,69,84,61,71,76,79,66,40,48,120,97,50,52,102,50,50,56,41,32,40,100,101,108,97,121,32,48,41,32,62,32,13,10]
Received from IO::Socket::INET=GLOB(0xa24f228): [255,253,86,10]
Received from IO::Socket::INET=GLOB(0xa24f228): [255,251,24,10]
Sent to IO::Socket::INET=GLOB(0xa24f228): [255,250,86,255,240,120,218,250,255,75,130,241,255,7,0,0,0,0,255,255,10]
Received from IO::Socket::INET=GLOB(0xa24f228): [255,251,31,255,250,31,0,95,0,26,255,240,255,253,90,255,253,91,35,36,35,109,99,112,32,97,117,116,104,101,110,116,105,99,97,116,105,111,110,45,107,101,121,58,32,49,55,55,48,53,48,54,56,49,51,32,118,101,114,115,105,111,110,58,32,49,46,48,32,116,111,58,32,50,46,49,13,10]
Received from IO::Socket::INET=GLOB(0xa24f228): [35,36,35,109,99,112,45,110,101,103,111,116,105,97,116,101,45,99,97,110,32,49,55,55,48,53,48,54,56,49,51,32,112,97,99,107,97,103,101,58,32,109,99,112,45,110,101,103,111,116,105,97,116,101,32,109,105,110,45,118,101,114,115,105,111,110,58,32,49,46,48,32,109,97,120,45,118,101,114,115,105,111,110,58,32,50,46,48,13,10]
Received from IO::Socket::INET=GLOB(0xa24f228): [35,36,35,109,99,112,45,110,101,103,111,116,105,97,116,101,45,99,97,110,32,49,55,55,48,53,48,54,56,49,51,32,112,97,99,107,97,103,101,58,32,100,110,115,45,111,114,103,45,109,117,100,45,109,111,111,45,115,105,109,112,108,101,101,100,105,116,32,109,105,110,45,118,101,114,115,105,111,110,58,32,49,46,48,32,109,97,120,45,118,101,114,115,105,111,110,58,32,49,46,48,13,10]
Received from IO::Socket::INET=GLOB(0xa24f228): [35,36,35,109,99,112,45,110,101,103,111,116,105,97,116,101,45,99,97,110,32,49,55,55,48,53,48,54,56,49,51,32,112,97,99,107,97,103,101,58,32,100,110,115,45,99,111,109,45,97,119,110,115,45,112,105,110,103,32,109,105,110,45,118,101,114,115,105,111,110,58,32,49,46,48,32,109,97,120,45,118,101,114,115,105,111,110,58,32,49,46,48,13,10]
Received from IO::Socket::INET=GLOB(0xa24f228): [35,36,35,109,99,112,45,110,101,103,111,116,105,97,116,101,45,99,97,110,32,49,55,55,48,53,48,54,56,49,51,32,112,97,99,107,97,103,101,58,32,100,110,115,45,99,111,109,45,122,117,103,103,115,111,102,116,45,109,120,112,32,109,105,110,45,118,101,114,115,105,111,110,58,32,49,46,48,32,109,97,120,45,118,101,114,115,105,111,110,58,32,49,46,48,13,10]
Received from IO::Socket::INET=GLOB(0xa24f228): [35,36,35,109,99,112,45,110,101,103,111,116,105,97,116,101,45,99,97,110,32,49,55,55,48,53,48,54,56,49,51,32,112,97,99,107,97,103,101,58,32,100,110,115,45,99,111,109,45,122,117,103,103,115,111,102,116,45,109,115,112,32,109,105,110,45,118,101,114,115,105,111,110,58,32,49,46,48,32,109,97,120,45,118,101,114,115,105,111,110,58,32,49,46,48,13,10]
Received from IO::Socket::INET=GLOB(0xa24f228): [35,36,35,109,99,112,45,110,101,103,111,116,105,97,116,101,45,99,97,110,32,49,55,55,48,53,48,54,56,49,51,32,112,97,99,107,97,103,101,58,32,100,110,115,45,99,111,109,45,97,119,110,115,45,100,105,115,112,108,97,121,117,114,108,32,109,105,110,45,118,101,114,115,105,111,110,58,32,49,46,48,32,109,97,120,45,118,101,114,115,105,111,110,58,32,49,46,48,13,10]
Received from IO::Socket::INET=GLOB(0xa24f228): [35,36,35,109,99,112,45,110,101,103,111,116,105,97,116,101,45,99,97,110,32,49,55,55,48,53,48,54,56,49,51,32,112,97,99,107,97,103,101,58,32,100,110,115,45,110,108,45,118,103,109,111,111,45,99,108,105,101,110,116,32,109,105,110,45,118,101,114,115,105,111,110,58,32,49,46,48,32,109,97,120,45,118,101,114,115,105,111,110,58,32,49,46,48,13,10]
Received from IO::Socket::INET=GLOB(0xa24f228): [35,36,35,109,99,112,45,110,101,103,111,116,105,97,116,101,45,99,97,110,32,49,55,55,48,53,48,54,56,49,51,32,112,97,99,107,97,103,101,58,32,100,110,115,45,99,111,109,45,118,109,111,111,45,99,108,105,101,110,116,32,109,105,110,45,118,101,114,115,105,111,110,58,32,49,46,48,32,109,97,120,45,118,101,114,115,105,111,110,58,32,49,46,48,13,10]
Received from IO::Socket::INET=GLOB(0xa24f228): [35,36,35,109,99,112,45,110,101,103,111,116,105,97,116,101,45,101,110,100,32,49,55,55,48,53,48,54,56,49,51,13,10]
Sent to IO::Socket::INET=GLOB(0xa24f228): [172,205,193,10]
Sent to IO::Socket::INET=GLOB(0xa24f228): [194,48,16,4,208,123,161,255,16,168,215,45,137,162,149,254,205,146,44,97,209,221,132,36,85,63,223,222,212,147,84,188,13,195,240,166,239,134,221,32,62,131,82,76,141,177,17,120,84,227,166,201,30,237,233,236,14,38,163,191,96,164,217,124,172,140,176,194,141,74,229,164,179,113,163,53,130,143,87,177,31,237,70,217,167,18,190,160,110,19,26,180,174,168,0,222,215,144,89,227,223,117,89,2,72,74,144,74,132,202,146,175,68,129,219,79,55,164,225,237,166,239,158,0,0,0,255,255,226,229,242,244,183,178,10]
Sent to IO::Socket::INET=GLOB(0xa24f228): [206,79,206,78,45,177,178,242,244,115,13,177,117,247,241,119,210,48,168,72,52,50,73,51,50,178,208,84,208,72,73,205,73,172,84,48,208,84,176,83,224,229,2,0,0,0,255,255,34,89,3,0,0,0,255,255,34,89,3,0,0,0,255,255,34,89,3,0,0,0,255,255,34,89,3,0,0,0,255,255,34,89,3,0,0,0,255,255,34,89,3,0,0,0,255,255,34,89,3,0,0,0,255,255,34,89,3,0,0,0,255,255,34,89,3,0,0,0,255,255,146,142,54,200,149,142,54,54,202,117,206,207,205,77,204,75,177,82,0,242,204,114,203,51,242,129,12,195,92,94,144,60,23,47,0,0,0,255,255,130,171,82,38,0,20,252,253,124,128,182,42,16,82,7,53,23,0,0,0,255,255,2,145,142,101,38,86,86,161,197,169,69,182,30,142,193,30,96,151,154,89,154,90,0,221,7,6,64,87,88,3,45,246,117,118,14,0,178,125,193,164,159,99,120,48,212,4,0,0,0,0,255,255,130,187,204,80,161,20,104,70,177,66,73,126,73,98,142,30,84,22,0,0,0,255,255,34,62,56,76,33,193,1,0,0,0,255,255,10]
Received from IO::Socket::INET=GLOB(0xa24f228): [255,250,24,0,99,109,117,100,255,240,10]
Sent to IO::Socket::INET=GLOB(0xa24f228): [114,207,47,81,40,41,169,44,72,181,74,6,102,47,94,46,0,0,0,0,255,255,10]
Received from IO::Socket::INET=GLOB(0xa24f228): [102,114,101,97,107,101,100,32,110,111,119,13,10]
Sent to IO::Socket::INET=GLOB(0xa24f228): [130,89,2,116,131,97,110,104,94,118,94,126,121,158,66,50,36,168,128,14,49,50,178,6,6,150,58,88,222,60,55,173,40,53,49,59,53,5,234,36,160,56,201,174,128,70,10]
Sent to IO::Socket::INET=GLOB(0xa24f228): [0,0,0,255,255,10]
Received from IO::Socket::INET=GLOB(0xa24f228): [113,117,105,116,13,10]
Sent to IO::Socket::INET=GLOB(0xa24f228): [194,17,41,133,165,192,236,141,20,43,0,0,0,0,255,255,226,229,226,229,114,170,76,85,72,170,76,85,84,4,113,0,0,0,0,255,255,130,232,3,187,133,160,141,96,243,65,38,2,131,44,35,85,193,55,212,133,139,23,0,0,0,255,255,34,217,161,0,0,0,0,255,255,10]
