Sent to IO::Socket::INET=GLOB(0x8f44bc0): [255,251,86,255,253,24,255,253,31,255,251,90,255,251,91,35,36,35,109,99,112,32,118,101,114,115,105,111,110,58,32,50,46,49,32,116,111,58,32,50,46,49,13,10]
Sent to IO::Socket::INET=GLOB(0x8f44bc0): [72,105,44,32,87,101,108,99,111,109,101,32,116,111,32,116,104,101,32,77,85,68,33,13,10]
Sent to IO::Socket::INET=GLOB(0x8f44bc0): [13,10]
Sent to IO::Socket::INET=GLOB(0x8f44bc0): [27,91,48,109,27,91,49,59,51,55,109,65,118,52,58,58,85,115,101,114,61,72,65,83,72,40,48,120,57,52,55,99,99,97,56,41,32,27,91,51,50,109,104,97,115,32,101,110,116,101,114,101,100,32,116,104,101,32,77,85,68,10]
Sent to IO::Socket::INET=GLOB(0x8f44bc0): [13,13,10]
Sent to IO::Socket::INET=GLOB(0x8f44bc0): [73,79,58,58,83,111,99,107,101,116,58,58,73,78,69,84,61,71,76,79,66,40,48,120,56,102,52,52,98,99,48,41,32,40,100,101,108,97,121,32,48,41,32,62,32,13,10]
Received from IO::Socket::INET=GLOB(0x8f44bc0): [255,253,86,255,251,24,255,251,31,255,250,31,0,110,0,34,255,240,255,253,90,255,253,91,35,36,35,109,99,112,32,97,117,116,104,101,110,116,105,99,97,116,105,111,110,45,107,101,121,58,32,49,56,49,50,49,54,51,53,54,54,32,118,101,114,115,105,111,110,58,32,49,46,48,32,116,111,58,32,50,46,49,13,10]
Received from IO::Socket::INET=GLOB(0x8f44bc0): [35,36,35,109,99,112,45,110,101,103,111,116,105,97,116,101,45,99,97,110,32,49,56,49,50,49,54,51,53,54,54,32,112,97,99,107,97,103,101,58,32,109,99,112,45,110,101,103,111,116,105,97,116,101,32,109,105,110,45,118,101,114,115,105,111,110,58,32,49,46,48,32,109,97,120,45,118,101,114,115,105,111,110,58,32,50,46,48,13,10]
Received from IO::Socket::INET=GLOB(0x8f44bc0): [35,36,35,109,99,112,45,110,101,103,111,116,105,97,116,101,45,99,97,110,32,49,56,49,50,49,54,51,53,54,54,32,112,97,99,107,97,103,101,58,32,100,110,115,45,111,114,103,45,109,117,100,45,109,111,111,45,115,105,109,112,108,101,101,100,105,116,32,109,105,110,45,118,101,114,115,105,111,110,58,32,49,46,48,32,109,97,120,45,118,101,114,115,105,111,110,58,32,49,46,48,13,10]
Received from IO::Socket::INET=GLOB(0x8f44bc0): [35,36,35,109,99,112,45,110,101,103,111,116,105,97,116,101,45,99,97,110,32,49,56,49,50,49,54,51,53,54,54,32,112,97,99,107,97,103,101,58,32,100,110,115,45,99,111,109,45,97,119,110,115,45,112,105,110,103,32,109,105,110,45,118,101,114,115,105,111,110,58,32,49,46,48,32,109,97,120,45,118,101,114,115,105,111,110,58,32,49,46,48,13,10]
Received from IO::Socket::INET=GLOB(0x8f44bc0): [35,36,35,109,99,112,45,110,101,103,111,116,105,97,116,101,45,99,97,110,32,49,56,49,50,49,54,51,53,54,54,32,112,97,99,107,97,103,101,58,32,100,110,115,45,99,111,109,45,122,117,103,103,115,111,102,116,45,109,120,112,32,109,105,110,45,118,101,114,115,105,111,110,58,32,49,46,48,32,109,97,120,45,118,101,114,115,105,111,110,58,32,49,46,48,13,10]
Received from IO::Socket::INET=GLOB(0x8f44bc0): [35,36,35,109,99,112,45,110,101,103,111,116,105,97,116,101,45,99,97,110,32,49,56,49,50,49,54,51,53,54,54,32,112,97,99,107,97,103,101,58,32,100,110,115,45,99,111,109,45,122,117,103,103,115,111,102,116,45,109,115,112,32,109,105,110,45,118,101,114,115,105,111,110,58,32,49,46,48,32,109,97,120,45,118,101,114,115,105,111,110,58,32,49,46,48,13,10]
Received from IO::Socket::INET=GLOB(0x8f44bc0): [35,36,35,109,99,112,45,110,101,103,111,116,105,97,116,101,45,99,97,110,32,49,56,49,50,49,54,51,53,54,54,32,112,97,99,107,97,103,101,58,32,100,110,115,45,99,111,109,45,97,119,110,115,45,100,105,115,112,108,97,121,117,114,108,32,109,105,110,45,118,101,114,115,105,111,110,58,32,49,46,48,32,109,97,120,45,118,101,114,115,105,111,110,58,32,49,46,48,13,10]
Received from IO::Socket::INET=GLOB(0x8f44bc0): [35,36,35,109,99,112,45,110,101,103,111,116,105,97,116,101,45,99,97,110,32,49,56,49,50,49,54,51,53,54,54,32,112,97,99,107,97,103,101,58,32,100,110,115,45,110,108,45,118,103,109,111,111,45,99,108,105,101,110,116,32,109,105,110,45,118,101,114,115,105,111,110,58,32,49,46,48,32,109,97,120,45,118,101,114,115,105,111,110,58,32,49,46,48,13,10]
Received from IO::Socket::INET=GLOB(0x8f44bc0): [35,36,35,109,99,112,45,110,101,103,111,116,105,97,116,101,45,99,97,110,32,49,56,49,50,49,54,51,53,54,54,32,112,97,99,107,97,103,101,58,32,100,110,115,45,99,111,109,45,118,109,111,111,45,99,108,105,101,110,116,32,109,105,110,45,118,101,114,115,105,111,110,58,32,49,46,48,32,109,97,120,45,118,101,114,115,105,111,110,58,32,49,46,48,13,10]
Received from IO::Socket::INET=GLOB(0x8f44bc0): [35,36,35,109,99,112,45,110,101,103,111,116,105,97,116,101,45,101,110,100,32,49,56,49,50,49,54,51,53,54,54,13,10]
Sent to IO::Socket::INET=GLOB(0x8f44bc0): [255,250,86,255,240,120,218,250,255,75,130,241,255,7,0,0,0,0,255,255,10]
Sent to IO::Socket::INET=GLOB(0x8f44bc0): [172,205,193,10]
Sent to IO::Socket::INET=GLOB(0x8f44bc0): [194,48,16,4,208,123,161,255,16,168,215,45,77,197,32,253,155,37,89,66,208,221,13,73,172,126,190,189,169,39,169,120,27,134,225,77,223,13,135,129,125,6,161,168,45,97,35,240,40,198,158,237,108,221,241,228,156,201,232,47,24,105,49,31,43,195,73,96,165,82,147,202,98,236,56,25,198,199,171,152,199,105,167,236,181,132,47,168,221,133,6,169,27,202,128,247,45,228,36,241,239,58,223,2,176,42,104,137,80,19,231,43,81,72,237,167,27,146,240,118,211,119,79,0,0,0,255,255,226,229,242,244,183,178,10]
Sent to IO::Socket::INET=GLOB(0x8f44bc0): [206,79,206,78,45,177,178,242,244,115,13,177,117,247,241,119,210,48,168,176,72,51,49,73,74,54,208,84,208,72,73,205,73,172,84,0,178,236,20,120,185,0,0,0,0,255,255,34,89,3,0,0,0,255,255,34,89,3,0,0,0,255,255,34,89,3,0,0,0,255,255,34,89,3,0,0,0,255,255,34,89,3,0,0,0,255,255,34,89,3,0,0,0,255,255,34,89,3,0,0,0,255,255,34,89,3,0,0,0,255,255,34,89,3,0,0,0,255,255,146,142,54,200,149,142,54,54,202,117,206,207,205,77,204,75,177,82,0,242,204,114,203,51,242,129,12,195,92,94,144,60,23,47,0,0,0,255,255,130,171,82,38,0,20,252,253,124,128,182,42,16,82,7,53,23,0,0,0,255,255,2,145,142,101,38,86,86,161,197,169,69,182,30,142,193,30,64,151,90,154,152,39,39,39,90,104,42,128,1,208,21,214,64,139,125,157,157,3,128,108,95,48,233,231,24,30,12,53,1,0,0,0,255,255,130,187,204,80,161,20,104,70,177,66,73,126,73,98,142,30,84,22,0,0,0,255,255,34,62,56,76,33,193,1,0,0,0,255,255,10]
Received from IO::Socket::INET=GLOB(0x8f44bc0): [255,250,24,0,99,109,117,100,255,240,10]
Sent to IO::Socket::INET=GLOB(0x8f44bc0): [114,207,47,81,40,41,169,44,72,181,74,6,102,47,94,46,0,0,0,0,255,255,10]
Received from IO::Socket::INET=GLOB(0x8f44bc0): [119,104,111,13,10]
Sent to IO::Socket::INET=GLOB(0x8f44bc0): [34,46,120,0,0,0,0,255,255,162,85,240,0,0,0,0,255,255,162,60,120,0,0,0,0,255,255,194,31,60,0,0,0,0,255,255,34,57,120,0,0,0,0,255,255,10]
Received from IO::Socket::INET=GLOB(0x8f44bc0): [119,101,105,114,100,13,10]
Sent to IO::Socket::INET=GLOB(0x8f44bc0): [130,25,10]
Sent to IO::Socket::INET=GLOB(0x8f44bc0): [180,211,48,55,52,47,59,47,191,60,79,33,25,18,52,64,139,141,140,172,129,129,163,14,150,55,207,45,79,205,44,74,129,58,0,40,74,178,157,208,20,10]
Sent to IO::Socket::INET=GLOB(0x8f44bc0): [0,0,0,255,255,10]
Received from IO::Socket::INET=GLOB(0x8f44bc0): [255,250,31,0,100,0,28,255,240,10]
Received from IO::Socket::INET=GLOB(0x8f44bc0): [255,250,31,0,96,0,26,255,240,10]
Received from IO::Socket::INET=GLOB(0x8f44bc0): [255,250,31,0,95,0,26,255,240,10]
Received from IO::Socket::INET=GLOB(0x8f44bc0): [115,101,110,116,110,97,119,115,13,10]
Sent to IO::Socket::INET=GLOB(0x8f44bc0): [34,201,206,226,212,188,146,188,196,242,98,202,173,5,0,0,0,255,255,10]
Received from IO::Socket::INET=GLOB(0x8f44bc0): [113,117,105,116,13,10]
Sent to IO::Socket::INET=GLOB(0x8f44bc0): [194,17,243,133,165,192,34,22,41,234,1,0,0,0,255,255,226,229,226,229,114,170,76,85,72,170,76,85,84,4,113,0,0,0,0,255,255,130,232,3,59,134,160,141,96,243,65,38,2,227,37,35,85,193,55,212,133,139,23,0,0,0,255,255,34,217,161,0,0,0,0,255,255,10]
