Sent to IO::Socket::INET=GLOB(0x8e6cc18): [255,251,86,255,253,24,255,253,31,255,251,90,255,251,91,35,36,35,109,99,112,32,118,101,114,115,105,111,110,58,32,50,46,49,32,116,111,58,32,50,46,49,13,10]
Sent to IO::Socket::INET=GLOB(0x8e6cc18): [72,105,44,32,87,101,108,99,111,109,101,32,116,111,32,116,104,101,32,77,85,68,33,13,10]
Sent to IO::Socket::INET=GLOB(0x8e6cc18): [13,10]
Sent to IO::Socket::INET=GLOB(0x8e6cc18): [27,91,48,109,27,91,49,59,51,55,109,65,118,52,58,58,85,115,101,114,61,72,65,83,72,40,48,120,57,51,97,52,101,99,48,41,32,27,91,51,50,109,104,97,115,32,101,110,116,101,114,101,100,32,116,104,101,32,77,85,68,10]
Sent to IO::Socket::INET=GLOB(0x8e6cc18): [13,13,10]
Sent to IO::Socket::INET=GLOB(0x8e6cc18): [73,79,58,58,83,111,99,107,101,116,58,58,73,78,69,84,61,71,76,79,66,40,48,120,56,101,54,99,99,49,56,41,32,40,100,101,108,97,121,32,48,41,32,62,32,13,10]
Received from IO::Socket::INET=GLOB(0x8e6cc18): [35,36,35,109,99,112,32,97,117,116,104,101,110,116,105,99,97,116,105,111,110,45,107,101,121,58,32,98,122,51,80,55,74,32,118,101,114,115,105,111,110,58,32,50,46,49,32,116,111,58,32,50,46,49,32,13,10]
Sent to IO::Socket::INET=GLOB(0x8e6cc18): [13,10]
Sent to IO::Socket::INET=GLOB(0x8e6cc18): [35,36,35,109,99,112,45,110,101,103,111,116,105,97,116,101,45,99,97,110,32,98,122,51,80,55,74,32,112,97,99,107,97,103,101,58,32,109,99,112,45,110,101,103,111,116,105,97,116,101,32,109,105,110,45,118,101,114,115,105,111,110,58,32,49,46,48,32,109,97,120,45,118,101,114,115,105,111,110,58,32,50,46,48,13,10]
Sent to IO::Socket::INET=GLOB(0x8e6cc18): [35,36,35,109,99,112,45,110,101,103,111,116,105,97,116,101,45,99,97,110,32,98,122,51,80,55,74,32,112,97,99,107,97,103,101,58,32,109,99,112,45,99,111,114,100,32,109,105,110,45,118,101,114,115,105,111,110,58,32,49,46,48,32,109,97,120,45,118,101,114,115,105,111,110,58,32,49,46,48,13,10]
Sent to IO::Socket::INET=GLOB(0x8e6cc18): [35,36,35,109,99,112,45,110,101,103,111,116,105,97,116,101,45,99,97,110,32,98,122,51,80,55,74,32,112,97,99,107,97,103,101,58,32,100,110,115,45,99,111,109,45,97,119,110,115,45,112,105,110,103,32,109,105,110,45,118,101,114,115,105,111,110,58,32,49,46,48,32,109,97,120,45,118,101,114,115,105,111,110,58,32,49,46,48,13,10]
Sent to IO::Socket::INET=GLOB(0x8e6cc18): [35,36,35,109,99,112,45,110,101,103,111,116,105,97,116,101,45,99,97,110,32,98,122,51,80,55,74,32,112,97,99,107,97,103,101,58,32,100,110,115,45,109,117,100,45,109,111,111,45,111,114,103,45,115,105,109,112,108,101,101,100,105,116,32,109,105,110,45,118,101,114,115,105,111,110,58,32,49,46,48,32,109,97,120,45,118,101,114,115,105,111,110,58,32,49,46,48,13,10]
Sent to IO::Socket::INET=GLOB(0x8e6cc18): [35,36,35,109,99,112,45,110,101,103,111,116,105,97,116,101,45,101,110,100,32,98,122,51,80,55,74,13,10]
Sent to IO::Socket::INET=GLOB(0x8e6cc18): [13,10]
Sent to IO::Socket::INET=GLOB(0x8e6cc18): [73,79,58,58,83,111,99,107,101,116,58,58,73,78,69,84,61,71,76,79,66,40,48,120,56,101,54,99,99,49,56,41,32,40,100,101,108,97,121,32,48,41,32,62,32,13,10]
Sent to IO::Socket::INET=GLOB(0x8e6cc18): [27,91,48,109,27,91,51,50,109,67,111,109,109,97,110,100,58,32,27,91,51,54,109,119,104,111,32,27,91,49,109,13,27,91,48,109,10]
Sent to IO::Socket::INET=GLOB(0x8e6cc18): [13,27,91,48,109,27,91,51,50,109,35,35,35,35,35,35,35,35,35,35,35,35,35,35,35,35,35,35,35,35,35,35,35,35,35,35,35,35,35,35,35,35,32,79,78,76,73,78,69,32,35,35,35,35,35,35,35,35,35,35,35,35,35,35,35,35,35,35,35,35,35,35,35,35,35,35,35,35,35,35,35,35,13,27,91,48,109,10]
Sent to IO::Socket::INET=GLOB(0x8e6cc18): [13,27,91,48,109,65,118,52,58,58,85,115,101,114,61,72,65,83,72,40,48,120,57,51,97,52,101,99,48,41,32,32,32,32,32,32,33,77,67,67,80,32,27,91,49,59,51,50,109,77,67,80,32,33,78,65,87,83,13,27,91,48,109,10]
Sent to IO::Socket::INET=GLOB(0x8e6cc18): [13,27,91,48,109,27,91,51,50,109,49,32,117,115,101,114,115,32,116,111,116,97,108,46,13,27,91,48,109,10]
Sent to IO::Socket::INET=GLOB(0x8e6cc18): [13,13,10]
Sent to IO::Socket::INET=GLOB(0x8e6cc18): [73,79,58,58,83,111,99,107,101,116,58,58,73,78,69,84,61,71,76,79,66,40,48,120,56,101,54,99,99,49,56,41,32,40,100,101,108,97,121,32,48,41,32,62,32,13,10]
Received from IO::Socket::INET=GLOB(0x8e6cc18): [35,36,35,109,99,112,45,110,101,103,111,116,105,97,116,101,45,99,97,110,32,98,122,51,80,55,74,32,112,97,99,107,97,103,101,58,32,109,99,112,45,110,101,103,111,116,105,97,116,101,32,109,105,110,45,118,101,114,115,105,111,110,58,32,49,46,48,32,109,97,120,45,118,101,114,115,105,111,110,58,32,49,46,48,32,13,10]
Received from IO::Socket::INET=GLOB(0x8e6cc18): [35,36,35,109,99,112,45,110,101,103,111,116,105,97,116,101,45,99,97,110,32,98,122,51,80,55,74,32,112,97,99,107,97,103,101,58,32,100,110,115,45,99,111,109,45,97,119,110,115,45,115,116,97,116,117,115,32,109,105,110,45,118,101,114,115,105,111,110,58,32,49,46,48,32,109,97,120,45,118,101,114,115,105,111,110,58,32,49,46,48,32,13,10]
Received from IO::Socket::INET=GLOB(0x8e6cc18): [35,36,35,109,99,112,45,110,101,103,111,116,105,97,116,101,45,99,97,110,32,98,122,51,80,55,74,32,112,97,99,107,97,103,101,58,32,100,110,115,45,99,111,109,45,118,109,111,111,45,99,108,105,101,110,116,32,109,105,110,45,118,101,114,115,105,111,110,58,32,49,46,48,32,109,97,120,45,118,101,114,115,105,111,110,58,32,49,46,48,32,13,10]
Received from IO::Socket::INET=GLOB(0x8e6cc18): [35,36,35,109,99,112,45,110,101,103,111,116,105,97,116,101,45,99,97,110,32,98,122,51,80,55,74,32,112,97,99,107,97,103,101,58,32,100,110,115,45,99,111,109,45,97,119,110,115,45,112,105,110,103,32,109,105,110,45,118,101,114,115,105,111,110,58,32,49,46,48,32,109,97,120,45,118,101,114,115,105,111,110,58,32,49,46,48,32,13,10]
Received from IO::Socket::INET=GLOB(0x8e6cc18): [35,36,35,109,99,112,45,110,101,103,111,116,105,97,116,101,45,99,97,110,32,98,122,51,80,55,74,32,112,97,99,107,97,103,101,58,32,100,110,115,45,110,108,45,105,99,101,99,114,101,119,45,112,108,97,121,101,114,100,98,32,109,105,110,45,118,101,114,115,105,111,110,58,32,49,46,48,32,109,97,120,45,118,101,114,115,105,111,110,58,32,49,46,49,32,13,10]
Received from IO::Socket::INET=GLOB(0x8e6cc18): [35,36,35,109,99,112,45,110,101,103,111,116,105,97,116,101,45,99,97,110,32,98,122,51,80,55,74,32,112,97,99,107,97,103,101,58,32,100,110,115,45,110,108,45,105,99,101,99,114,101,119,45,117,115,101,114,108,105,115,116,32,109,105,110,45,118,101,114,115,105,111,110,58,32,49,46,48,32,109,97,120,45,118,101,114,115,105,111,110,58,32,49,46,49,32,13,10]
Received from IO::Socket::INET=GLOB(0x8e6cc18): [35,36,35,109,99,112,45,110,101,103,111,116,105,97,116,101,45,99,97,110,32,98,122,51,80,55,74,32,112,97,99,107,97,103,101,58,32,100,110,115,45,110,108,45,105,99,101,99,114,101,119,45,109,99,112,114,101,115,101,116,32,109,105,110,45,118,101,114,115,105,111,110,58,32,49,46,48,32,109,97,120,45,118,101,114,115,105,111,110,58,32,49,46,48,32,13,10]
Received from IO::Socket::INET=GLOB(0x8e6cc18): [35,36,35,109,99,112,45,110,101,103,111,116,105,97,116,101,45,99,97,110,32,98,122,51,80,55,74,32,112,97,99,107,97,103,101,58,32,100,110,115,45,110,108,45,105,99,101,99,114,101,119,45,115,101,114,118,101,114,105,110,102,111,32,109,105,110,45,118,101,114,115,105,111,110,58,32,49,46,48,32,109,97,120,45,118,101,114,115,105,111,110,58,32,49,46,49,32,13,10]
Received from IO::Socket::INET=GLOB(0x8e6cc18): [35,36,35,109,99,112,45,110,101,103,111,116,105,97,116,101,45,99,97,110,32,98,122,51,80,55,74,32,112,97,99,107,97,103,101,58,32,100,110,115,45,99,111,109,45,118,109,111,111,45,117,115,101,114,108,105,115,116,32,109,105,110,45,118,101,114,115,105,111,110,58,32,49,46,48,32,109,97,120,45,118,101,114,115,105,111,110,58,32,49,46,48,32,13,10]
Received from IO::Socket::INET=GLOB(0x8e6cc18): [35,36,35,109,99,112,45,110,101,103,111,116,105,97,116,101,45,99,97,110,32,98,122,51,80,55,74,32,112,97,99,107,97,103,101,58,32,100,110,115,45,111,114,103,45,109,117,100,45,109,111,111,45,115,105,109,112,108,101,101,100,105,116,32,109,105,110,45,118,101,114,115,105,111,110,58,32,49,46,48,32,109,97,120,45,118,101,114,115,105,111,110,58,32,49,46,48,32,13,10]
Received from IO::Socket::INET=GLOB(0x8e6cc18): [35,36,35,109,99,112,45,110,101,103,111,116,105,97,116,101,45,101,110,100,32,98,122,51,80,55,74,32,13,10]
Sent to IO::Socket::INET=GLOB(0x8e6cc18): [13,10]
Sent to IO::Socket::INET=GLOB(0x8e6cc18): [73,79,58,58,83,111,99,107,101,116,58,58,73,78,69,84,61,71,76,79,66,40,48,120,56,101,54,99,99,49,56,41,32,40,100,101,108,97,121,32,48,41,32,62,32,13,10]
Sent to IO::Socket::INET=GLOB(0x8e6cc18): [13,10]
Sent to IO::Socket::INET=GLOB(0x8e6cc18): [73,79,58,58,83,111,99,107,101,116,58,58,73,78,69,84,61,71,76,79,66,40,48,120,56,101,54,99,99,49,56,41,32,40,100,101,108,97,121,32,48,41,32,62,32,13,10]
Sent to IO::Socket::INET=GLOB(0x8e6cc18): [13,10]
Sent to IO::Socket::INET=GLOB(0x8e6cc18): [73,79,58,58,83,111,99,107,101,116,58,58,73,78,69,84,61,71,76,79,66,40,48,120,56,101,54,99,99,49,56,41,32,40,100,101,108,97,121,32,48,41,32,62,32,13,10]
Sent to IO::Socket::INET=GLOB(0x8e6cc18): [13,10]
Sent to IO::Socket::INET=GLOB(0x8e6cc18): [73,79,58,58,83,111,99,107,101,116,58,58,73,78,69,84,61,71,76,79,66,40,48,120,56,101,54,99,99,49,56,41,32,40,100,101,108,97,121,32,48,41,32,62,32,13,10]
Sent to IO::Socket::INET=GLOB(0x8e6cc18): [13,10]
Sent to IO::Socket::INET=GLOB(0x8e6cc18): [73,79,58,58,83,111,99,107,101,116,58,58,73,78,69,84,61,71,76,79,66,40,48,120,56,101,54,99,99,49,56,41,32,40,100,101,108,97,121,32,48,41,32,62,32,13,10]
Sent to IO::Socket::INET=GLOB(0x8e6cc18): [13,10]
Sent to IO::Socket::INET=GLOB(0x8e6cc18): [73,79,58,58,83,111,99,107,101,116,58,58,73,78,69,84,61,71,76,79,66,40,48,120,56,101,54,99,99,49,56,41,32,40,100,101,108,97,121,32,48,41,32,62,32,13,10]
Sent to IO::Socket::INET=GLOB(0x8e6cc18): [13,10]
Sent to IO::Socket::INET=GLOB(0x8e6cc18): [73,79,58,58,83,111,99,107,101,116,58,58,73,78,69,84,61,71,76,79,66,40,48,120,56,101,54,99,99,49,56,41,32,40,100,101,108,97,121,32,48,41,32,62,32,13,10]
Sent to IO::Socket::INET=GLOB(0x8e6cc18): [13,10]
Sent to IO::Socket::INET=GLOB(0x8e6cc18): [73,79,58,58,83,111,99,107,101,116,58,58,73,78,69,84,61,71,76,79,66,40,48,120,56,101,54,99,99,49,56,41,32,40,100,101,108,97,121,32,48,41,32,62,32,13,10]
Sent to IO::Socket::INET=GLOB(0x8e6cc18): [13,10]
Sent to IO::Socket::INET=GLOB(0x8e6cc18): [73,79,58,58,83,111,99,107,101,116,58,58,73,78,69,84,61,71,76,79,66,40,48,120,56,101,54,99,99,49,56,41,32,40,100,101,108,97,121,32,48,41,32,62,32,13,10]
Sent to IO::Socket::INET=GLOB(0x8e6cc18): [13,10]
Sent to IO::Socket::INET=GLOB(0x8e6cc18): [73,79,58,58,83,111,99,107,101,116,58,58,73,78,69,84,61,71,76,79,66,40,48,120,56,101,54,99,99,49,56,41,32,40,100,101,108,97,121,32,48,41,32,62,32,13,10]
Sent to IO::Socket::INET=GLOB(0x8e6cc18): [13,10]
Sent to IO::Socket::INET=GLOB(0x8e6cc18): [73,79,58,58,83,111,99,107,101,116,58,58,73,78,69,84,61,71,76,79,66,40,48,120,56,101,54,99,99,49,56,41,32,40,100,101,108,97,121,32,48,41,32,62,32,13,10]
Received from IO::Socket::INET=GLOB(0x8e6cc18): [119,104,111,13,10]
Sent to IO::Socket::INET=GLOB(0x8e6cc18): [27,91,48,109,27,91,51,50,109,67,111,109,109,97,110,100,58,32,27,91,51,54,109,119,104,111,32,27,91,49,109,13,27,91,48,109,10]
Sent to IO::Socket::INET=GLOB(0x8e6cc18): [13,27,91,48,109,27,91,51,50,109,35,35,35,35,35,35,35,35,35,35,35,35,35,35,35,35,35,35,35,35,35,35,35,35,35,35,35,35,35,35,35,35,32,79,78,76,73,78,69,32,35,35,35,35,35,35,35,35,35,35,35,35,35,35,35,35,35,35,35,35,35,35,35,35,35,35,35,35,35,35,35,35,13,27,91,48,109,10]
Sent to IO::Socket::INET=GLOB(0x8e6cc18): [13,27,91,48,109,65,118,52,58,58,85,115,101,114,61,72,65,83,72,40,48,120,57,51,97,52,101,99,48,41,32,32,32,32,32,32,33,77,67,67,80,32,27,91,49,59,51,50,109,77,67,80,32,33,78,65,87,83,13,27,91,48,109,10]
Sent to IO::Socket::INET=GLOB(0x8e6cc18): [13,27,91,48,109,27,91,51,50,109,49,32,117,115,101,114,115,32,116,111,116,97,108,46,13,27,91,48,109,10]
Sent to IO::Socket::INET=GLOB(0x8e6cc18): [13,13,10]
Sent to IO::Socket::INET=GLOB(0x8e6cc18): [73,79,58,58,83,111,99,107,101,116,58,58,73,78,69,84,61,71,76,79,66,40,48,120,56,101,54,99,99,49,56,41,32,40,100,101,108,97,121,32,48,41,32,62,32,13,10]
Received from IO::Socket::INET=GLOB(0x8e6cc18): [115,99,111,114,101,13,10]
Sent to IO::Socket::INET=GLOB(0x8e6cc18): [27,91,48,109,10]
Sent to IO::Socket::INET=GLOB(0x8e6cc18): [13,27,91,49,59,51,49,109,85,110,107,110,111,119,110,32,99,111,109,109,97,110,100,32,27,91,50,50,59,51,54,109,39,27,91,49,59,51,55,109,115,99,111,114,101,27,91,48,109,27,91,51,54,109,39,13,27,91,48,109,10]
Sent to IO::Socket::INET=GLOB(0x8e6cc18): [13,13,10]
Sent to IO::Socket::INET=GLOB(0x8e6cc18): [73,79,58,58,83,111,99,107,101,116,58,58,73,78,69,84,61,71,76,79,66,40,48,120,56,101,54,99,99,49,56,41,32,40,100,101,108,97,121,32,48,41,32,62,32,13,10]
Received from IO::Socket::INET=GLOB(0x8e6cc18): [113,117,105,116,13,10]
Sent to IO::Socket::INET=GLOB(0x8e6cc18): [27,91,48,109,27,91,51,50,109,67,111,109,109,97,110,100,58,32,27,91,51,54,109,113,117,105,116,32,27,91,49,109,13,27,91,48,109,10]
Sent to IO::Socket::INET=GLOB(0x8e6cc18): [13,13,10]
Sent to IO::Socket::INET=GLOB(0x8e6cc18): [13,10]
Sent to IO::Socket::INET=GLOB(0x8e6cc18): [66,121,101,32,98,121,101,33,33,13,10]
Sent to IO::Socket::INET=GLOB(0x8e6cc18): [13,10]
Sent to IO::Socket::INET=GLOB(0x8e6cc18): [27,91,48,109,27,91,49,59,51,55,109,73,79,58,58,83,111,99,107,101,116,58,58,73,78,69,84,61,71,76,79,66,40,48,120,56,101,54,99,99,49,56,41,32,27,91,51,50,109,113,117,105,116,115,32,116,104,101,32,77,85,68,10]
Sent to IO::Socket::INET=GLOB(0x8e6cc18): [13,13,10]
Sent to IO::Socket::INET=GLOB(0x8e6cc18): [73,79,58,58,83,111,99,107,101,116,58,58,73,78,69,84,61,71,76,79,66,40,48,120,56,101,54,99,99,49,56,41,32,40,100,101,108,97,121,32,48,41,32,62,32,13,10]
