Sent to IO::Socket::INET=GLOB(0xa36cc18): [255,251,86,255,253,24,255,253,31,255,251,90,255,251,91,35,36,35,109,99,112,32,118,101,114,115,105,111,110,58,32,50,46,49,32,116,111,58,32,50,46,49,13,10]
Sent to IO::Socket::INET=GLOB(0xa36cc18): [72,105,44,32,87,101,108,99,111,109,101,32,116,111,32,116,104,101,32,77,85,68,33,13,10]
Sent to IO::Socket::INET=GLOB(0xa36cc18): [13,10]
Sent to IO::Socket::INET=GLOB(0xa36cc18): [27,91,48,109,27,91,49,59,51,55,109,65,118,52,58,58,85,115,101,114,61,72,65,83,72,40,48,120,97,56,97,52,102,54,48,41,32,27,91,51,50,109,104,97,115,32,101,110,116,101,114,101,100,32,116,104,101,32,77,85,68,10]
Sent to IO::Socket::INET=GLOB(0xa36cc18): [13,13,10]
Sent to IO::Socket::INET=GLOB(0xa36cc18): [73,79,58,58,83,111,99,107,101,116,58,58,73,78,69,84,61,71,76,79,66,40,48,120,97,51,54,99,99,49,56,41,32,40,100,101,108,97,121,32,48,41,32,62,32,13,10]
Received from IO::Socket::INET=GLOB(0xa36cc18): [255,253,86,10]
Received from IO::Socket::INET=GLOB(0xa36cc18): [255,251,24,10]
Sent to IO::Socket::INET=GLOB(0xa36cc18): [255,250,86,255,240,120,218,250,255,75,130,241,255,7,0,0,0,0,255,255,10]
Received from IO::Socket::INET=GLOB(0xa36cc18): [255,251,31,10]
Received from IO::Socket::INET=GLOB(0xa36cc18): [255,250,31,0,80,0,26,255,240,255,254,90,255,253,91,255,250,24,0,109,117,115,104,99,108,105,101,110,116,255,240,10]
Sent to IO::Socket::INET=GLOB(0xa36cc18): [114,207,47,81,40,41,169,44,72,181,202,45,45,206,72,206,201,76,205,43,225,229,2,0,0,0,255,255,10]
Sent to IO::Socket::INET=GLOB(0xa36cc18): [146,142,54,200,149,142,54,54,202,117,206,207,205,77,204,75,177,82,0,242,204,114,203,51,242,129,12,195,92,94,144,60,23,47,0,0,0,255,255,130,171,82,38,0,20,252,253,124,60,253,92,21,8,169,131,154,11,0,0,0,255,255,2,145,142,101,38,86,86,161,197,169,69,182,30,142,193,30,26,6,21,137,22,137,38,105,102,6,154,10]
Sent to IO::Socket::INET=GLOB(0xa36cc18): [96,0,116,133,53,208,98,95,103,231,0,5,69,95,32,1,20,241,115,12,15,134,154,0,0,0,0,255,255,130,187,204,80,161,20,104,70,177,66,73,126,73,98,142,30,84,22,0,0,0,255,255,226,229,242,244,183,178,10]
Sent to IO::Socket::INET=GLOB(0xa36cc18): [206,79,206,78,45,177,178,2,58,44,196,214,221,199,223,9,100,137,177,89,114,178,161,133,166,130,70,74,106,78,98,165,130,169,166,130,157,2,47,23,0,0,0,255,255,10]
Received from IO::Socket::INET=GLOB(0xa36cc18): [115,99,111,114,101,13,10]
Sent to IO::Socket::INET=GLOB(0xa36cc18): [130,25,10]
Sent to IO::Socket::INET=GLOB(0xa36cc18): [180,211,48,55,52,47,59,47,191,60,79,33,25,18,52,64,139,141,140,172,129,129,163,14,150,55,207,45,78,206,47,74,133,58,0,40,74,178,157,6,16,59,1,0,0,0,255,255,10]
Received from IO::Socket::INET=GLOB(0xa36cc18): [115,99,111,114,101,13,10]
Sent to IO::Socket::INET=GLOB(0xa36cc18): [26,8,59,1,0,0,0,255,255,10]
Received from IO::Socket::INET=GLOB(0xa36cc18): [110,121,97,13,10]
Sent to IO::Socket::INET=GLOB(0xa36cc18): [34,201,206,188,202,68,202,109,4,0,0,0,255,255,10]
Received from IO::Socket::INET=GLOB(0xa36cc18): [113,117,105,116,13,10]
Sent to IO::Socket::INET=GLOB(0xa36cc18): [194,145,208,10]
Sent to IO::Socket::INET=GLOB(0xa36cc18): [75,51,75,144,83,26,0,0,0,255,255,226,229,226,229,114,170,76,85,72,170,76,85,84,4,113,0,0,0,0,255,255,130,232,3,187,131,160,141,96,243,65,38,2,147,65,70,170,130,111,168,11,23,47,0,0,0,255,255,34,217,161,0,0,0,0,255,255,10]
Sent to IO::Socket::INET=GLOB(0xa94e078): [255,251,86,255,253,24,255,253,31,255,251,90,255,251,91,35,36,35,109,99,112,32,118,101,114,115,105,111,110,58,32,50,46,49,32,116,111,58,32,50,46,49,13,10]
Sent to IO::Socket::INET=GLOB(0xa94e078): [72,105,44,32,87,101,108,99,111,109,101,32,116,111,32,116,104,101,32,77,85,68,33,13,10]
Sent to IO::Socket::INET=GLOB(0xa94e078): [13,10]
Sent to IO::Socket::INET=GLOB(0xa94e078): [27,91,48,109,27,91,49,59,51,55,109,65,118,52,58,58,85,115,101,114,61,72,65,83,72,40,48,120,97,57,55,50,57,98,56,41,32,27,91,51,50,109,104,97,115,32,101,110,116,101,114,101,100,32,116,104,101,32,77,85,68,10]
Sent to IO::Socket::INET=GLOB(0xa94e078): [13,13,10]
Sent to IO::Socket::INET=GLOB(0xa94e078): [73,79,58,58,83,111,99,107,101,116,58,58,73,78,69,84,61,71,76,79,66,40,48,120,97,57,52,101,48,55,56,41,32,40,100,101,108,97,121,32,48,41,32,62,32,13,10]
Received from IO::Socket::INET=GLOB(0xa94e078): [255,253,86,10]
Received from IO::Socket::INET=GLOB(0xa94e078): [255,251,24,10]
Sent to IO::Socket::INET=GLOB(0xa94e078): [255,250,86,255,240,120,218,250,255,75,130,241,255,7,0,0,0,0,255,255,10]
Received from IO::Socket::INET=GLOB(0xa94e078): [255,251,31,10]
Received from IO::Socket::INET=GLOB(0xa94e078): [255,250,31,0,80,0,37,255,240,255,254,90,255,253,91,255,250,24,0,109,117,115,104,99,108,105,101,110,116,255,240,10]
Sent to IO::Socket::INET=GLOB(0xa94e078): [114,207,47,81,40,41,169,44,72,181,202,45,45,206,72,206,201,76,205,43,225,229,2,0,0,0,255,255,10]
Sent to IO::Socket::INET=GLOB(0xa94e078): [146,142,54,200,149,142,54,54,202,117,206,207,205,77,204,75,177,82,0,242,204,114,203,51,242,129,12,195,92,94,144,60,23,47,0,0,0,255,255,130,171,82,38,0,20,252,253,124,60,253,92,21,8,169,131,154,11,0,0,0,255,255,2,145,142,101,38,86,86,161,197,169,69,182,30,142,193,30,26,6,21,137,150,230,70,150,73,22,154,10]
Sent to IO::Socket::INET=GLOB(0xa94e078): [96,0,116,133,53,208,98,95,103,231,0,5,69,95,32,1,20,241,115,12,15,134,154,0,0,0,0,255,255,130,187,204,80,161,20,104,70,177,66,73,126,73,98,142,30,84,22,0,0,0,255,255,226,229,242,244,183,178,10]
Sent to IO::Socket::INET=GLOB(0xa94e078): [206,79,206,78,45,177,178,2,58,44,196,214,221,199,223,9,108,137,73,170,129,57,208,18,141,148,212,156,196,74,5,83,77,5,59,5,94,46,0,0,0,0,255,255,10]
Received from IO::Socket::INET=GLOB(0xa94e078): [114,101,99,111,110,110,101,99,116,101,100,13,10]
Sent to IO::Socket::INET=GLOB(0xa94e078): [130,25,10]
Sent to IO::Socket::INET=GLOB(0xa94e078): [180,211,48,55,52,47,59,47,191,60,79,33,25,18,52,64,139,141,140,172,129,129,163,14,150,55,207,45,74,77,206,207,203,75,77,46,73,77,129,58,3,40,71,178,205,6,16,155,1,0,0,0,255,255,10]
Received from IO::Socket::INET=GLOB(0xa94e078): [113,117,105,116,13,10]
Sent to IO::Socket::INET=GLOB(0xa94e078): [194,17,17,133,165,153,37,200,49,1,0,0,0,255,255,226,229,226,229,114,170,76,85,72,170,76,85,84,4,113,0,0,0,0,255,255,130,232,3,187,135,160,141,96,243,65,38,2,131,41,35,85,193,55,212,133,139,23,0,0,0,255,255,34,217,161,0,0,0,0,255,255,10]
