Sent to IO::Socket::INET=GLOB(0x9791bf0): [255,251,86,255,253,24,255,253,31,255,251,90,255,251,91,35,36,35,109,99,112,32,118,101,114,115,105,111,110,58,32,50,46,49,32,116,111,58,32,50,46,49,13,10]
Sent to IO::Socket::INET=GLOB(0x9791bf0): [72,105,44,32,87,101,108,99,111,109,101,32,116,111,32,116,104,101,32,77,85,68,33,13,10]
Sent to IO::Socket::INET=GLOB(0x9791bf0): [13,10]
Sent to IO::Socket::INET=GLOB(0x9791bf0): [27,91,48,109,27,91,49,59,51,55,109,65,118,52,58,58,85,115,101,114,61,72,65,83,72,40,48,120,57,99,99,57,101,53,48,41,32,27,91,51,50,109,104,97,115,32,101,110,116,101,114,101,100,32,116,104,101,32,77,85,68,10]
Sent to IO::Socket::INET=GLOB(0x9791bf0): [13,13,10]
Sent to IO::Socket::INET=GLOB(0x9791bf0): [73,79,58,58,83,111,99,107,101,116,58,58,73,78,69,84,61,71,76,79,66,40,48,120,57,55,57,49,98,102,48,41,32,40,100,101,108,97,121,32,48,41,32,62,32,13,10]
Received from IO::Socket::INET=GLOB(0x9791bf0): [255,254,86,255,251,24,255,251,31,255,250,31,0,80,0,24,255,240,255,254,90,255,254,91,10]
Sent to IO::Socket::INET=GLOB(0x9791bf0): [255,250,24,1,255,240,27,91,48,109,27,91,51,50,109,67,111,109,109,97,110,100,58,32,27,91,51,54,109,119,104,111,32,27,91,49,109,13,27,91,48,109,10]
Sent to IO::Socket::INET=GLOB(0x9791bf0): [13,27,91,48,109,27,91,51,50,109,35,35,35,35,35,35,35,35,35,35,35,35,35,35,35,35,35,35,35,35,35,35,35,35,35,35,35,35,35,35,35,35,32,79,78,76,73,78,69,32,35,35,35,35,35,35,35,35,35,35,35,35,35,35,35,35,35,35,35,35,35,35,35,35,35,35,35,35,35,35,35,35,13,27,91,48,109,10]
Sent to IO::Socket::INET=GLOB(0x9791bf0): [13,27,91,48,109,65,118,52,58,58,85,115,101,114,61,72,65,83,72,40,48,120,57,99,99,57,101,53,48,41,32,32,32,32,32,32,33,77,67,67,80,32,33,77,67,80,32,32,27,91,49,59,51,50,109,78,65,87,83,13,27,91,48,109,10]
Sent to IO::Socket::INET=GLOB(0x9791bf0): [13,27,91,48,109,27,91,51,50,109,49,32,117,115,101,114,115,32,116,111,116,97,108,46,13,27,91,48,109,10]
Sent to IO::Socket::INET=GLOB(0x9791bf0): [13,13,10]
Sent to IO::Socket::INET=GLOB(0x9791bf0): [73,79,58,58,83,111,99,107,101,116,58,58,73,78,69,84,61,71,76,79,66,40,48,120,57,55,57,49,98,102,48,41,32,40,100,101,108,97,121,32,48,41,32,62,32,13,10]
Received from IO::Socket::INET=GLOB(0x9791bf0): [255,250,24,0,120,116,101,114,109,255,240,10]
Sent to IO::Socket::INET=GLOB(0x9791bf0): [71,111,116,32,116,116,121,112,101,58,120,116,101,114,109,13,10]
Received from IO::Socket::INET=GLOB(0x9791bf0): [255,250,31,0,157,0,54,255,240,10]
Received from IO::Socket::INET=GLOB(0x9791bf0): [115,99,111,114,101,13,10]
Sent to IO::Socket::INET=GLOB(0x9791bf0): [27,91,48,109,10]
Sent to IO::Socket::INET=GLOB(0x9791bf0): [13,27,91,49,59,51,49,109,85,110,107,110,111,119,110,32,99,111,109,109,97,110,100,32,27,91,50,50,59,51,54,109,39,27,91,49,59,51,55,109,115,99,111,114,101,27,91,48,109,27,91,51,54,109,39,13,27,91,48,109,10]
Sent to IO::Socket::INET=GLOB(0x9791bf0): [13,13,10]
Sent to IO::Socket::INET=GLOB(0x9791bf0): [73,79,58,58,83,111,99,107,101,116,58,58,73,78,69,84,61,71,76,79,66,40,48,120,57,55,57,49,98,102,48,41,32,40,100,101,108,97,121,32,48,41,32,62,32,13,10]
Received from IO::Socket::INET=GLOB(0x9791bf0): [113,117,105,116,13,10]
Sent to IO::Socket::INET=GLOB(0x9791bf0): [27,91,48,109,27,91,51,50,109,67,111,109,109,97,110,100,58,32,27,91,51,54,109,113,117,105,116,32,27,91,49,109,13,27,91,48,109,10]
Sent to IO::Socket::INET=GLOB(0x9791bf0): [13,13,10]
Sent to IO::Socket::INET=GLOB(0x9791bf0): [13,10]
Sent to IO::Socket::INET=GLOB(0x9791bf0): [66,121,101,32,98,121,101,33,33,13,10]
Sent to IO::Socket::INET=GLOB(0x9791bf0): [13,10]
Sent to IO::Socket::INET=GLOB(0x9791bf0): [27,91,48,109,27,91,49,59,51,55,109,73,79,58,58,83,111,99,107,101,116,58,58,73,78,69,84,61,71,76,79,66,40,48,120,57,55,57,49,98,102,48,41,32,27,91,51,50,109,113,117,105,116,115,32,116,104,101,32,77,85,68,10]
Sent to IO::Socket::INET=GLOB(0x9791bf0): [13,13,10]
Sent to IO::Socket::INET=GLOB(0x9791bf0): [73,79,58,58,83,111,99,107,101,116,58,58,73,78,69,84,61,71,76,79,66,40,48,120,57,55,57,49,98,102,48,41,32,40,100,101,108,97,121,32,48,41,32,62,32,13,10]
