Sent to IO::Socket::INET=GLOB(0xa70fbe0): [255,251,86,255,253,24,255,253,31,255,251,90,255,251,91,35,36,35,109,99,112,32,118,101,114,115,105,111,110,58,32,50,46,49,32,116,111,58,32,50,46,49,13,10]
Sent to IO::Socket::INET=GLOB(0xa70fbe0): [72,105,44,32,87,101,108,99,111,109,101,32,116,111,32,116,104,101,32,77,85,68,33,13,10]
Sent to IO::Socket::INET=GLOB(0xa70fbe0): [13,10]
Sent to IO::Socket::INET=GLOB(0xa70fbe0): [27,91,48,109,27,91,49,59,51,55,109,65,118,52,58,58,85,115,101,114,61,72,65,83,72,40,48,120,97,99,52,55,100,97,48,41,32,27,91,51,50,109,104,97,115,32,101,110,116,101,114,101,100,32,116,104,101,32,77,85,68,10]
Sent to IO::Socket::INET=GLOB(0xa70fbe0): [13,13,10]
Sent to IO::Socket::INET=GLOB(0xa70fbe0): [73,79,58,58,83,111,99,107,101,116,58,58,73,78,69,84,61,71,76,79,66,40,48,120,97,55,48,102,98,101,48,41,32,40,100,101,108,97,121,32,48,41,32,62,32,13,10]
Received from IO::Socket::INET=GLOB(0xa70fbe0): [255,251,31,10]
Received from IO::Socket::INET=GLOB(0xa70fbe0): [255,253,86,10]
Received from IO::Socket::INET=GLOB(0xa70fbe0): [255,251,24,10]
Sent to IO::Socket::INET=GLOB(0xa70fbe0): [255,250,86,255,240,120,218,250,255,75,130,241,255,7,0,0,0,0,255,255,10]
Received from IO::Socket::INET=GLOB(0xa70fbe0): [255,250,31,0,79,0,20,255,240,10]
Received from IO::Socket::INET=GLOB(0xa70fbe0): [255,254,90,255,254,91,255,250,24,0,84,73,78,89,70,85,71,85,69,255,240,10]
Sent to IO::Socket::INET=GLOB(0xa70fbe0): [114,207,47,81,40,41,169,44,72,181,10]
Sent to IO::Socket::INET=GLOB(0xa70fbe0): [241,244,139,116,11,117,15,117,229,229,2,0,0,0,255,255,10]
Sent to IO::Socket::INET=GLOB(0xa70fbe0): [146,142,54,200,149,142,54,54,202,117,206,207,205,77,204,75,177,82,0,242,204,114,203,51,242,129,12,195,92,94,144,60,23,47,0,0,0,255,255,130,171,82,38,0,20,252,253,124,60,253,92,21,8,169,131,154,11,0,0,0,255,255,2,145,142,101,38,86,86,161,197,169,69,182,30,142,193,30,26,6,21,137,201,38,230,41,137,6,154,10]
Sent to IO::Socket::INET=GLOB(0xa70fbe0): [96,0,116,133,53,208,98,95,103,231,0,5,69,95,32,1,20,241,115,12,15,134,154,0,0,0,0,255,255,130,187,204,80,161,20,104,70,177,66,73,126,73,98,142,30,84,22,0,0,0,255,255,226,229,242,244,183,178,10]
Sent to IO::Socket::INET=GLOB(0xa70fbe0): [206,79,206,78,45,177,178,2,58,44,196,214,221,199,223,9,100,137,185,65,90,82,42,208,18,141,148,212,156,196,74,5,83,77,5,59,5,94,46,0,0,0,0,255,255,10]
Received from IO::Socket::INET=GLOB(0xa70fbe0): [255,250,31,0,81,0,21,255,240,10]
Received from IO::Socket::INET=GLOB(0xa70fbe0): [255,250,31,0,87,0,23,255,240,10]
Received from IO::Socket::INET=GLOB(0xa70fbe0): [255,250,31,0,104,0,33,255,240,10]
Received from IO::Socket::INET=GLOB(0xa70fbe0): [255,250,31,0,107,0,35,255,240,10]
Received from IO::Socket::INET=GLOB(0xa70fbe0): [115,116,97,116,115,13,10]
Sent to IO::Socket::INET=GLOB(0xa70fbe0): [194,17,28,197,37,137,37,197,200,1,2,0,0,0,255,255,130,171,11,6,202,100,22,151,100,38,23,43,164,229,23,129,221,160,64,200,78,43,168,33,0,0,0,0,255,255,82,136,204,47,45,82,40,73,45,202,205,204,75,204,81,200,44,182,82,64,138,25,0,0,0,0,255,255,194,144,85,40,206,200,47,207,204,75,87,48,52,48,87,72,206,207,41,205,205,43,86,0,186,81,193,216,84,33,39,51,47,181,88,143,151,11,0,0,0,255,255,82,128,59,12,168,91,33,177,40,21,232,34,144,22,80,240,65,109,5,0,0,0,255,255,82,128,201,64,149,26,230,250,249,135,192,149,5,240,114,1,0,0,0,255,255,194,229,183,146,140,84,5,160,247,202,82,139,96,30,0,0,0,0,255,255,82,112,246,112,12,10]
Sent to IO::Socket::INET=GLOB(0xa70fbe0): [6,10]
Sent to IO::Socket::INET=GLOB(0xa70fbe0): [230,149,40,36,85,130,21,228,150,166,40,20,231,43,164,37,22,41,104,128,163,66,211,74,193,128,151,11,24,145,96,85,37,249,10]
Sent to IO::Socket::INET=GLOB(0xa70fbe0): [121,249,121,186,224,216,44,78,45,46,206,204,7,250,1,170,80,1,93,37,118,85,32,64,64,165,170,66,126,154,2,220,118,61,3,160,98,0,0,0,0,255,255,82,112,113,12,113,84,24,18,78,5,0,0,0,255,255,130,40,1,38,192,130,34,136,50,144,170,100,4,87,19,106,44,146,98,176,225,201,25,137,192,244,95,86,172,144,146,88,146,8,148,135,10]
Sent to IO::Socket::INET=GLOB(0xa70fbe0): [0,117,149,230,148,128,98,55,51,15,40,8,146,4,171,231,229,2,0,0,0,255,255,130,39,128,144,140,196,188,108,88,2,134,37,23,69,94,46,0,0,0,0,255,255,34,62,251,24,64,178,15,0,0,0,255,255,10]
Received from IO::Socket::INET=GLOB(0xa70fbe0): [113,117,105,116,13,10]
Sent to IO::Socket::INET=GLOB(0xa70fbe0): [194,145,125,10]
Sent to IO::Socket::INET=GLOB(0xa70fbe0): [75,51,75,144,115,15,0,0,0,255,255,226,229,226,229,114,170,76,5,70,68,170,34,216,26,0,0,0,0,255,255,130,232,3,102,116,243,92,130,54,130,205,7,153,88,12,142,69,223,80,23,46,94,0,0,0,0,255,255,34,217,161,0,0,0,0,255,255,10]
