Sent to IO::Socket::INET=GLOB(0x940cbe0): [255,251,86,255,253,24,255,253,31,255,251,90,255,251,91,35,36,35,109,99,112,32,118,101,114,115,105,111,110,58,32,50,46,49,32,116,111,58,32,50,46,49,13,10]
Sent to IO::Socket::INET=GLOB(0x940cbe0): [72,105,44,32,87,101,108,99,111,109,101,32,116,111,32,116,104,101,32,77,85,68,33,13,10]
Sent to IO::Socket::INET=GLOB(0x940cbe0): [13,10]
Sent to IO::Socket::INET=GLOB(0x940cbe0): [27,91,48,109,27,91,49,59,51,55,109,65,118,52,58,58,85,115,101,114,61,72,65,83,72,40,48,120,57,57,52,52,101,102,48,41,32,27,91,51,50,109,104,97,115,32,101,110,116,101,114,101,100,32,116,104,101,32,77,85,68,10]
Sent to IO::Socket::INET=GLOB(0x940cbe0): [13,13,10]
Sent to IO::Socket::INET=GLOB(0x940cbe0): [73,79,58,58,83,111,99,107,101,116,58,58,73,78,69,84,61,71,76,79,66,40,48,120,57,52,48,99,98,101,48,41,32,40,100,101,108,97,121,32,48,41,32,62,32,13,10]
Received from IO::Socket::INET=GLOB(0x940cbe0): [255,253,86,10]
Received from IO::Socket::INET=GLOB(0x940cbe0): [255,251,24,255,251,31,255,250,31,0,122,0,52,255,240,255,253,90,255,253,91,10]
Received from IO::Socket::INET=GLOB(0x940cbe0): [35,36,35,109,99,112,32,97,117,116,104,101,110,116,105,99,97,116,105,111,110,45,107,101,121,58,32,57,49,54,49,50,51,51,52,57,32,118,101,114,115,105,111,110,58,32,49,46,48,32,116,111,58,32,50,46,49,13,10]
Received from IO::Socket::INET=GLOB(0x940cbe0): [35,36,35,109,99,112,45,110,101,103,111,116,105,97,116,101,45,99,97,110,32,57,49,54,49,50,51,51,52,57,32,112,97,99,107,97,103,101,58,32,109,99,112,45,110,101,103,111,116,105,97,116,101,32,109,105,110,45,118,101,114,115,105,111,110,58,32,49,46,48,32,109,97,120,45,118,101,114,115,105,111,110,58,32,50,46,48,13,10]
Received from IO::Socket::INET=GLOB(0x940cbe0): [35,36,35,109,99,112,45,110,101,103,111,116,105,97,116,101,45,99,97,110,32,57,49,54,49,50,51,51,52,57,32,112,97,99,107,97,103,101,58,32,100,110,115,45,111,114,103,45,109,117,100,45,109,111,111,45,115,105,109,112,108,101,101,100,105,116,32,109,105,110,45,118,101,114,115,105,111,110,58,32,49,46,48,32,109,97,120,45,118,101,114,115,105,111,110,58,32,49,46,48,13,10]
Received from IO::Socket::INET=GLOB(0x940cbe0): [35,36,35,109,99,112,45,110,101,103,111,116,105,97,116,101,45,99,97,110,32,57,49,54,49,50,51,51,52,57,32,112,97,99,107,97,103,101,58,32,100,110,115,45,99,111,109,45,97,119,110,115,45,112,105,110,103,32,109,105,110,45,118,101,114,115,105,111,110,58,32,49,46,48,32,109,97,120,45,118,101,114,115,105,111,110,58,32,49,46,48,13,10]
Received from IO::Socket::INET=GLOB(0x940cbe0): [35,36,35,109,99,112,45,110,101,103,111,116,105,97,116,101,45,99,97,110,32,57,49,54,49,50,51,51,52,57,32,112,97,99,107,97,103,101,58,32,100,110,115,45,99,111,109,45,122,117,103,103,115,111,102,116,45,109,120,112,32,109,105,110,45,118,101,114,115,105,111,110,58,32,49,46,48,32,109,97,120,45,118,101,114,115,105,111,110,58,32,49,46,48,13,10]
Received from IO::Socket::INET=GLOB(0x940cbe0): [35,36,35,109,99,112,45,110,101,103,111,116,105,97,116,101,45,99,97,110,32,57,49,54,49,50,51,51,52,57,32,112,97,99,107,97,103,101,58,32,100,110,115,45,99,111,109,45,122,117,103,103,115,111,102,116,45,109,115,112,32,109,105,110,45,118,101,114,115,105,111,110,58,32,49,46,48,32,109,97,120,45,118,101,114,115,105,111,110,58,32,49,46,48,13,10]
Received from IO::Socket::INET=GLOB(0x940cbe0): [35,36,35,109,99,112,45,110,101,103,111,116,105,97,116,101,45,99,97,110,32,57,49,54,49,50,51,51,52,57,32,112,97,99,107,97,103,101,58,32,100,110,115,45,99,111,109,45,97,119,110,115,45,100,105,115,112,108,97,121,117,114,108,32,109,105,110,45,118,101,114,115,105,111,110,58,32,49,46,48,32,109,97,120,45,118,101,114,115,105,111,110,58,32,49,46,48,13,10]
Received from IO::Socket::INET=GLOB(0x940cbe0): [35,36,35,109,99,112,45,110,101,103,111,116,105,97,116,101,45,99,97,110,32,57,49,54,49,50,51,51,52,57,32,112,97,99,107,97,103,101,58,32,100,110,115,45,110,108,45,118,103,109,111,111,45,99,108,105,101,110,116,32,109,105,110,45,118,101,114,115,105,111,110,58,32,49,46,48,32,109,97,120,45,118,101,114,115,105,111,110,58,32,49,46,48,13,10]
Received from IO::Socket::INET=GLOB(0x940cbe0): [35,36,35,109,99,112,45,110,101,103,111,116,105,97,116,101,45,99,97,110,32,57,49,54,49,50,51,51,52,57,32,112,97,99,107,97,103,101,58,32,100,110,115,45,99,111,109,45,118,109,111,111,45,99,108,105,101,110,116,32,109,105,110,45,118,101,114,115,105,111,110,58,32,49,46,48,32,109,97,120,45,118,101,114,115,105,111,110,58,32,49,46,48,13,10]
Received from IO::Socket::INET=GLOB(0x940cbe0): [35,36,35,109,99,112,45,110,101,103,111,116,105,97,116,101,45,101,110,100,32,57,49,54,49,50,51,51,52,57,13,10]
Sent to IO::Socket::INET=GLOB(0x940cbe0): [255,250,86,255,240,120,218,250,255,75,130,241,255,7,0,0,0,0,255,255,10]
Received from IO::Socket::INET=GLOB(0x940cbe0): [255,250,24,0,122,109,117,100,255,240,10]
Sent to IO::Socket::INET=GLOB(0x940cbe0): [114,207,47,81,40,41,169,44,72,181,170,202,45,77,225,229,2,0,0,0,255,255,10]
Sent to IO::Socket::INET=GLOB(0x940cbe0): [172,208,49,10]
Sent to IO::Socket::INET=GLOB(0x940cbe0): [195,48,12,5,208,61,144,59,8,210,85,33,78,74,33,185,141,177,133,17,173,100,99,155,166,199,175,183,208,169,164,116,19,159,207,251,160,190,27,46,131,184,132,74,33,86,182,149,208,89,133,213,220,204,188,44,215,21,146,117,119,27,104,131,143,18,8,43,62,41,23,142,186,129,25,39,16,251,58,130,121,156,206,193,46,102,255,197,52,103,76,175,165,153,130,118,111,71,98,13,255,198,219,243,80,98,196,152,3,22,150,244,32,242,92,127,90,33,245,199,74,223,189,1,0,0,255,255,226,229,242,244,183,178,10]
Sent to IO::Socket::INET=GLOB(0x940cbe0): [206,79,206,78,45,177,178,242,244,115,13,177,117,247,241,119,210,48,168,176,52,49,72,78,74,53,208,84,208,72,73,205,73,172,84,0,178,236,20,120,185,0,0,0,0,255,255,34,89,3,0,0,0,255,255,34,89,3,0,0,0,255,255,34,89,3,0,0,0,255,255,34,89,3,0,0,0,255,255,34,89,3,0,0,0,255,255,34,89,3,0,0,0,255,255,34,89,3,0,0,0,255,255,34,89,3,0,0,0,255,255,34,89,3,0,0,0,255,255,146,142,54,200,149,142,54,54,202,117,206,207,205,77,204,75,177,82,0,242,204,114,203,51,242,129,12,195,92,94,144,60,23,47,0,0,0,255,255,130,171,82,38,0,20,252,253,124,128,182,42,16,82,7,53,23,0,0,0,255,255,2,145,142,101,38,86,86,161,197,169,69,182,30,142,193,30,32,151,90,154,152,164,166,1,221,7,6,64,87,88,3,45,246,117,118,14,0,178,125,193,164,159,99,120,48,212,4,0,0,0,0,255,255,130,187,204,80,161,20,104,70,177,66,73,126,73,98,142,30,84,22,0,0,0,255,255,34,62,56,76,33,193,1,0,0,0,255,255,10]
Received from IO::Socket::INET=GLOB(0x940cbe0): [115,99,111,114,101,13,10]
Sent to IO::Socket::INET=GLOB(0x940cbe0): [130,25,10]
Sent to IO::Socket::INET=GLOB(0x940cbe0): [180,211,48,55,52,47,59,47,191,60,79,33,25,18,52,64,139,141,140,172,129,129,163,14,150,55,207,45,6,150,24,169,80,7,0,69,73,182,19,26,5,0,0,0,0,255,255,10]
Received from IO::Socket::INET=GLOB(0x940cbe0): [255,250,31,0,113,0,46,255,240,10]
Received from IO::Socket::INET=GLOB(0x940cbe0): [255,250,31,0,106,0,42,255,240,10]
Received from IO::Socket::INET=GLOB(0x940cbe0): [255,250,31,0,98,0,38,255,240,10]
Received from IO::Socket::INET=GLOB(0x940cbe0): [115,99,111,114,101,13,10]
Sent to IO::Socket::INET=GLOB(0x940cbe0): [26,8,59,1,0,0,0,255,255,10]
Received from IO::Socket::INET=GLOB(0x940cbe0): [115,99,111,114,101,13,10]
Sent to IO::Socket::INET=GLOB(0x940cbe0): [26,8,59,1,0,0,0,255,255,10]
Received from IO::Socket::INET=GLOB(0x940cbe0): [113,117,105,116,13,10]
Sent to IO::Socket::INET=GLOB(0x940cbe0): [194,145,212,10]
Sent to IO::Socket::INET=GLOB(0x940cbe0): [75,129,101,22,82,90,3,0,0,0,255,255,226,229,226,229,114,170,76,85,72,170,76,85,84,4,113,0,0,0,0,255,255,130,232,3,187,132,160,141,96,243,65,38,2,19,66,70,170,130,111,168,11,23,47,0,0,0,255,255,34,217,161,0,0,0,0,255,255,10]
Sent to IO::Socket::INET=GLOB(0x9bf0430): [255,251,86,255,253,24,255,253,31,255,251,90,255,251,91,35,36,35,109,99,112,32,118,101,114,115,105,111,110,58,32,50,46,49,32,116,111,58,32,50,46,49,13,10]
Sent to IO::Socket::INET=GLOB(0x9bf0430): [72,105,44,32,87,101,108,99,111,109,101,32,116,111,32,116,104,101,32,77,85,68,33,13,10]
Sent to IO::Socket::INET=GLOB(0x9bf0430): [13,10]
Sent to IO::Socket::INET=GLOB(0x9bf0430): [27,91,48,109,27,91,49,59,51,55,109,65,118,52,58,58,85,115,101,114,61,72,65,83,72,40,48,120,57,97,48,50,54,99,48,41,32,27,91,51,50,109,104,97,115,32,101,110,116,101,114,101,100,32,116,104,101,32,77,85,68,10]
Sent to IO::Socket::INET=GLOB(0x9bf0430): [13,13,10]
Sent to IO::Socket::INET=GLOB(0x9bf0430): [73,79,58,58,83,111,99,107,101,116,58,58,73,78,69,84,61,71,76,79,66,40,48,120,57,98,102,48,52,51,48,41,32,40,100,101,108,97,121,32,48,41,32,62,32,13,10]
Received from IO::Socket::INET=GLOB(0x9bf0430): [255,253,86,10]
Received from IO::Socket::INET=GLOB(0x9bf0430): [255,251,24,255,251,31,255,250,31,0,98,0,38,255,240,255,253,90,255,253,91,35,36,35,109,99,112,32,97,117,116,104,101,110,116,105,99,97,116,105,111,110,45,107,101,121,58,32,53,49,56,48,55,57,53,51,54,32,118,101,114,115,105,111,110,58,32,49,46,48,32,116,111,58,32,50,46,49,13,10]
Received from IO::Socket::INET=GLOB(0x9bf0430): [35,36,35,109,99,112,45,110,101,103,111,116,105,97,116,101,45,99,97,110,32,53,49,56,48,55,57,53,51,54,32,112,97,99,107,97,103,101,58,32,109,99,112,45,110,101,103,111,116,105,97,116,101,32,109,105,110,45,118,101,114,115,105,111,110,58,32,49,46,48,32,109,97,120,45,118,101,114,115,105,111,110,58,32,50,46,48,13,10]
Received from IO::Socket::INET=GLOB(0x9bf0430): [35,36,35,109,99,112,45,110,101,103,111,116,105,97,116,101,45,99,97,110,32,53,49,56,48,55,57,53,51,54,32,112,97,99,107,97,103,101,58,32,100,110,115,45,111,114,103,45,109,117,100,45,109,111,111,45,115,105,109,112,108,101,101,100,105,116,32,109,105,110,45,118,101,114,115,105,111,110,58,32,49,46,48,32,109,97,120,45,118,101,114,115,105,111,110,58,32,49,46,48,13,10]
Received from IO::Socket::INET=GLOB(0x9bf0430): [35,36,35,109,99,112,45,110,101,103,111,116,105,97,116,101,45,99,97,110,32,53,49,56,48,55,57,53,51,54,32,112,97,99,107,97,103,101,58,32,100,110,115,45,99,111,109,45,97,119,110,115,45,112,105,110,103,32,109,105,110,45,118,101,114,115,105,111,110,58,32,49,46,48,32,109,97,120,45,118,101,114,115,105,111,110,58,32,49,46,48,13,10]
Received from IO::Socket::INET=GLOB(0x9bf0430): [35,36,35,109,99,112,45,110,101,103,111,116,105,97,116,101,45,99,97,110,32,53,49,56,48,55,57,53,51,54,32,112,97,99,107,97,103,101,58,32,100,110,115,45,99,111,109,45,122,117,103,103,115,111,102,116,45,109,120,112,32,109,105,110,45,118,101,114,115,105,111,110,58,32,49,46,48,32,109,97,120,45,118,101,114,115,105,111,110,58,32,49,46,48,13,10]
Received from IO::Socket::INET=GLOB(0x9bf0430): [35,36,35,109,99,112,45,110,101,103,111,116,105,97,116,101,45,99,97,110,32,53,49,56,48,55,57,53,51,54,32,112,97,99,107,97,103,101,58,32,100,110,115,45,99,111,109,45,122,117,103,103,115,111,102,116,45,109,115,112,32,109,105,110,45,118,101,114,115,105,111,110,58,32,49,46,48,32,109,97,120,45,118,101,114,115,105,111,110,58,32,49,46,48,13,10]
Received from IO::Socket::INET=GLOB(0x9bf0430): [35,36,35,109,99,112,45,110,101,103,111,116,105,97,116,101,45,99,97,110,32,53,49,56,48,55,57,53,51,54,32,112,97,99,107,97,103,101,58,32,100,110,115,45,99,111,109,45,97,119,110,115,45,100,105,115,112,108,97,121,117,114,108,32,109,105,110,45,118,101,114,115,105,111,110,58,32,49,46,48,32,109,97,120,45,118,101,114,115,105,111,110,58,32,49,46,48,13,10]
Received from IO::Socket::INET=GLOB(0x9bf0430): [35,36,35,109,99,112,45,110,101,103,111,116,105,97,116,101,45,99,97,110,32,53,49,56,48,55,57,53,51,54,32,112,97,99,107,97,103,101,58,32,100,110,115,45,110,108,45,118,103,109,111,111,45,99,108,105,101,110,116,32,109,105,110,45,118,101,114,115,105,111,110,58,32,49,46,48,32,109,97,120,45,118,101,114,115,105,111,110,58,32,49,46,48,13,10]
Received from IO::Socket::INET=GLOB(0x9bf0430): [35,36,35,109,99,112,45,110,101,103,111,116,105,97,116,101,45,99,97,110,32,53,49,56,48,55,57,53,51,54,32,112,97,99,107,97,103,101,58,32,100,110,115,45,99,111,109,45,118,109,111,111,45,99,108,105,101,110,116,32,109,105,110,45,118,101,114,115,105,111,110,58,32,49,46,48,32,109,97,120,45,118,101,114,115,105,111,110,58,32,49,46,48,13,10]
Received from IO::Socket::INET=GLOB(0x9bf0430): [35,36,35,109,99,112,45,110,101,103,111,116,105,97,116,101,45,101,110,100,32,53,49,56,48,55,57,53,51,54,13,10]
Sent to IO::Socket::INET=GLOB(0x9bf0430): [255,250,86,255,240,120,218,250,255,75,130,241,255,7,0,0,0,0,255,255,10]
Received from IO::Socket::INET=GLOB(0x9bf0430): [255,250,24,0,122,109,117,100,255,240,10]
Sent to IO::Socket::INET=GLOB(0x9bf0430): [114,207,47,81,40,41,169,44,72,181,170,202,45,77,225,229,2,0,0,0,255,255,10]
Sent to IO::Socket::INET=GLOB(0x9bf0430): [172,208,75,10]
Sent to IO::Socket::INET=GLOB(0x9bf0430): [195,48,12,4,208,125,32,119,16,164,91,5,167,37,253,228,54,198,22,198,180,146,140,109,210,30,191,222,133,174,74,74,119,98,24,222,128,250,110,56,12,236,18,10]
Sent to IO::Socket::INET=GLOB(0x9bf0430): [5,173,209,86,66,103,5,230,233,106,46,183,249,116,134,100,221,221,6,90,224,163,4,28,5,87,202,37,170,44,48,141,6,216,190,182,224,56,154,125,176,211,236,191,152,211,30,211,75,105,38,163,125,182,35,69,9,255,198,219,243,144,85,81,115,192,18,57,61,136,124,172,63,173,144,248,109,165,239,222,0,0,0,255,255,226,229,242,244,183,178,10]
Sent to IO::Socket::INET=GLOB(0x9bf0430): [206,79,206,78,45,177,178,242,244,115,13,177,117,247,241,119,210,48,168,176,76,74,51,48,49,54,208,84,208,72,73,205,73,172,84,0,178,236,20,120,185,0,0,0,0,255,255,34,89,3,0,0,0,255,255,34,89,3,0,0,0,255,255,34,89,3,0,0,0,255,255,34,89,3,0,0,0,255,255,34,89,3,0,0,0,255,255,34,89,3,0,0,0,255,255,34,89,3,0,0,0,255,255,34,89,3,0,0,0,255,255,34,89,3,0,0,0,255,255,146,142,54,200,149,142,54,54,202,117,206,207,205,77,204,75,177,82,0,242,204,114,203,51,242,129,12,195,92,94,144,60,23,47,0,0,0,255,255,130,171,82,38,0,20,252,253,124,128,182,42,16,82,7,53,23,0,0,0,255,255,2,145,142,101,38,86,86,161,197,169,69,182,30,142,193,30,32,151,38,26,24,153,37,3,221,7,6,64,87,88,3,45,246,117,118,14,0,178,125,193,164,159,99,120,48,212,4,0,0,0,0,255,255,130,187,204,80,161,20,104,70,177,66,73,126,73,98,142,30,84,22,0,0,0,255,255,34,62,56,76,33,193,1,0,0,0,255,255,10]
Received from IO::Socket::INET=GLOB(0x9bf0430): [110,121,97,13,10]
Sent to IO::Socket::INET=GLOB(0x9bf0430): [130,25,10]
Sent to IO::Socket::INET=GLOB(0x9bf0430): [180,211,48,55,52,47,59,47,191,60,79,33,25,18,52,64,139,141,140,172,129,129,163,14,150,55,207,205,171,76,132,90,15,20,35,217,70,104,4,0,0,0,0,255,255,10]
Received from IO::Socket::INET=GLOB(0x9bf0430): [113,117,105,116,13,10]
Sent to IO::Socket::INET=GLOB(0x9bf0430): [194,17,1,133,165,192,156,140,20,3,0,0,0,0,255,255,226,229,226,229,114,170,76,85,72,170,76,85,84,4,113,0,0,0,0,255,255,130,232,3,187,131,160,141,96,243,65,38,2,131,39,35,85,193,55,212,133,139,23,0,0,0,255,255,34,217,161,0,0,0,0,255,255,10]
